30
67
79
132
177
181
214
264
275
293
309
322
327
350
431
485
488
507
534
542
571
596
610
689
706
807
812
829
900
918
921
923
925
948
997
1003
1061
1077
1098
1103
1123
1131
1132
1148
1184
1225
1320
1338
1341
1437
1440
1476
1493
1497
1508
1565
1581
1701
1723
1746
1783
1808
1817
1822
1834
1855
1917
1937
2005
2031
2043
2048
2108
2132
2139
2181
2238
2244
2249
2274
2281
2331
2400
2403
2449
2471
2529
2557
2560
2574
2584
2601
2614
2663
2710
2735
2766
2878
2907
2924
2936
2944
2945
2970
2979
2983
3027
3048
3072
3075
3077
3116
3130
3188
3287
3384
3394
3413
3421
3430
3449
3502
3504
3509
3548
3576
3591
3599
3615
3655
3676
3699
3743
3795
3807
3839
3841
3844
3942
3944
3953
4067
4080
4102
4158
4200
4263
4268
4326
4339
4353
4432
4522
4531
4537
4553
4557
4558
4573
4576
4588
4592
4598
4605
4612
4617
4638
4674
4732
4733
4797
4871
4889
4900
4995
5044
5065
5074
5088
5089
5101
5178
5201
5232
5270
5278
5303
5323
5329
5337
5339
5402
5425
5453
5474
5501
5519
5520
5536
5612
5684
5711
5725
5736
5744
5746
5758
5779
5823
5828
5832
5847
5856
5885
5888
5891
5895
5950
5957
5979
6000
6020
6072
6115
6122
6147
6166
6198
6201
6219
6240
6414
6486
6491
6515
6521
6542
6565
6582
6627
6651
6658
6693
6733
6894
6997
7033
7045
7081
7085
7090
7099
7243
7462
7480
7513
7537
7631
7660
7663
7713
7716
7744
7789
7794
7834
7850
7857
7911
7928
7962
7992
8025
8158
8197
8295
8322
8375
8376
8386
8426
8433
8456
8462
8496
8500
8505
8507
8512
8534
8535
8590
8633
8695
8770
8775
8819
8837
8856
8880
8903
8964
8978
8981
9006
9011
9063
9070
9083
9089
9131
9220
9266
9273
9293
9315
9322
9340
9360
9413
9438
9464
9468
9496
9527
9549
9555
9590
9616
9623
9661
9686
9716
9763
9784
9786
9808
9819
9821
9834
9909
10023
10053
10111
10180
10181
10214
10216
10220
10251
10295
10325
10328
10337
10380
10422
10445
10495
10517
10524
10654
10676
10680
10699
10754
10796
10873
10915
10944
11008
11056
11072
11099
11216
11230
11257
11292
11370
11371
11408
11432
11475
11492
11508
11510
11528
11568
11587
11593
11598
11617
11623
11629
11655
11758
11853
11873
11897
11906
11932
12074
12097
12127
12176
12316
12365
12384
12494
12499
12554
12557
12565
12566
12584
12697
12727
12753
12834
12869
12899
12903
12918
12936
12949
12951
12984
13003
13017
13029
13100
13140
13152
13185
13242
13308
13312
13352
13554
13570
13629
13630
13655
13838
13870
13891
13935
14054
14144
14145
14170
14180
14185
14206
14209
14221
14238
14255
14256
14288
14297
14339
14368
14429
14439
14467
14561
14638
14679
14741
14810
14852
14931
14951
14955
14970
14990
14993
15119
15131
15141
15153
15159
15178
15193
15228
15238
15263
15356
15415
15449
15460
15479
15605
15619
15675
15683
15726
15744
15816
15940
15950
15999
16036
16094
16154
16227
16232
16428
16524
16557
16617
16840
16857
16867
16887
16970
16985
17147
17155
17164
17212
17346
17536
17557
17640
17993
18029
18068
18073
18094
18162
18375
18429
18432
18489
18597
18609
18663
18776
18777
18779
18851
18889
18905
18909
19028
19038
19053
19065
19070
19255
19275
19379
19516
19545
19564
19614
19646
19751
19760
19852
19938
20015
20032
20038
20048
20547
20597
20695
21080
21219
21295
21324
21335
21634
21693
22212
22463
22557
22745
22919
22996
23448
23565
23905
25055
25355
25683
25892
26225
26429
26652
26793
27111
27230
27263
27264
27277
27471
27522
27551
27577
27692
27924
29443
30221
34387
35087
35180
35272
35283
42532
61406
61494
62891
68945
69689
74697
78728
79404
113926
113941
113956
114417
115345
115498
122033
130442
130555
133892
136029
136276
136702
138208
143131
143637
143763
143906
144049
144265
145804
145824
146379
146538
147194
158709
159304
162474
163304
164052
170449
170546
171181
171208
171602
172939
176168
176202
176232
176345
176347
176839
176887
179228
189434
190140
190256
190310
201820
201841
201926
202687
203048
203112
203128
203132
204105
204512
204542
204573