3
7
9
13
20
21
30
32
37
40
45
55
61
65
66
67
69
73
75
77
78
79
81
83
90
92
101
104
106
107
109
111
119
129
132
143
151
153
154
156
159
161
167
168
177
178
181
185
186
193
195
196
198
201
203
204
205
207
213
214
217
226
229
240
249
256
258
263
264
268
269
271
275
277
279
280
281
285
286
288
289
291
293
302
303
304
309
310
312
314
315
316
320
322
326
327
328
331
336
337
339
342
344
346
347
349
350
358
360
363
372
373
375
377
381
383
386
390
392
394
395
402
406
407
411
412
413
416
421
425
430
431
434
435
437
441
451
453
455
456
458
459
464
465
466
469
471
473
474
478
479
480
481
482
485
488
490
491
496
498
499
504
507
508
512
514
515
517
518
519
529
532
533
534
539
540
541
542
543
544
546
552
553
559
561
563
564
565
571
575
576
580
582
584
585
594
596
599
601
606
608
609
610
613
615
618
619
624
631
633
641
644
645
651
653
656
657
659
660
661
673
675
676
678
684
685
689
693
694
696
697
699
706
708
709
713
715
717
722
726
727
728
730
733
734
735
739
746
747
750
755
759
761
762
764
770
773
774
778
779
781
782
784
786
791
803
807
812
813
815
822
824
825
828
829
830
831
835
837
838
839
840
842
845
846
847
848
849
852
854
855
858
859
860
862
864
875
877
878
882
889
893
900
907
913
914
917
918
920
921
923
925
926
928
929
930
932
942
948
952
958
960
962
964
966
970
976
982
988
995
997
1003
1006
1007
1015
1017
1020
1023
1024
1025
1035
1038
1044
1048
1049
1061
1064
1066
1067
1070
1076
1077
1080
1085
1086
1089
1090
1092
1098
1103
1107
1113
1114
1116
1120
1123
1131
1132
1144
1146
1148
1159
1179
1180
1183
1184
1197
1198
1204
1205
1208
1209
1221
1225
1228
1232
1240
1245
1253
1255
1256
1261
1265
1266
1270
1275
1280
1283
1286
1288
1289
1293
1294
1298
1313
1316
1319
1320
1322
1323
1329
1330
1335
1336
1338
1341
1342
1350
1352
1354
1358
1360
1361
1362
1367
1370
1380
1381
1384
1385
1389
1392
1393
1401
1419
1420
1426
1427
1428
1430
1431
1433
1434
1435
1437
1438
1440
1441
1442
1443
1453
1458
1467
1476
1483
1493
1496
1497
1508
1512
1519
1523
1525
1536
1538
1560
1561
1565
1573
1574
1581
1584
1586
1593
1604
1613
1621
1631
1633
1634
1640
1643
1647
1649
1650
1651
1652
1655
1656
1669
1673
1676
1681
1682
1686
1688
1698
1701
1703
1709
1710
1712
1720
1723
1730
1732
1737
1738
1740
1742
1744
1746
1747
1750
1752
1755
1760
1761
1763
1768
1771
1776
1780
1781
1783
1786
1789
1795
1796
1802
1804
1807
1808
1809
1811
1817
1818
1822
1828
1833
1834
1847
1854
1855
1856
1859
1871
1872
1879
1888
1896
1899
1904
1906
1910
1913
1914
1915
1917
1919
1921
1924
1925
1930
1934
1935
1937
1948
1949
1952
1959
1966
1967
1969
1977
1978
1979
1980
1986
1987
1988
1989
1990
1994
1998
2001
2002
2003
2005
2006
2007
2021
2031
2034
2036
2042
2043
2048
2050
2054
2057
2062
2068
2069
2070
2071
2074
2076
2079
2080
2083
2085
2090
2093
2098
2099
2104
2108
2110
2113
2123
2124
2131
2132
2133
2138
2139
2148
2150
2153
2156
2157
2163
2165
2166
2170
2175
2181
2188
2191
2193
2196
2197
2201
2202
2211
2212
2216
2217
2222
2225
2229
2232
2233
2238
2239
2240
2242
2243
2244
2245
2249
2252
2253
2261
2262
2263
2264
2265
2266
2268
2273
2274
2275
2278
2279
2281
2289
2294
2295
2296
2297
2302
2316
2318
2319
2320
2322
2323
2324
2325
2327
2329
2331
2337
2347
2349
2356
2359
2362
2377
2379
2381
2383
2386
2387
2390
2395
2396
2398
2400
2403
2411
2413
2424
2427
2429
2438
2442
2449
2456
2460
2461
2463
2465
2471
2475
2476
2478
2479
2482
2493
2494
2500
2501
2529
2536
2542
2545
2548
2551
2554
2557
2560
2563
2565
2569
2572
2574
2584
2585
2594
2595
2596
2598
2601
2603
2605
2606
2610
2612
2614
2615
2616
2618
2623
2624
2626
2630
2636
2637
2639
2640
2642
2643
2644
2645
2647
2648
2655
2656
2661
2662
2663
2667
2672
2681
2688
2691
2692
2705
2707
2710
2712
2713
2715
2722
2724
2731
2732
2733
2734
2735
2740
2741
2742
2744
2748
2750
2756
2759
2763
2766
2771
2777
2779
2787
2790
2795
2801
2804
2806
2807
2810
2812
2814
2816
2817
2820
2827
2830
2835
2840
2841
2843
2849
2850
2851
2854
2857
2858
2859
2860
2862
2875
2876
2878
2880
2881
2882
2883
2886
2892
2897
2903
2904
2907
2909
2910
2913
2915
2916
2920
2921
2922
2924
2929
2932
2934
2935
2936
2937
2938
2939
2943
2944
2945
2949
2951
2954
2958
2964
2970
2971
2976
2979
2982
2983
2984
2985
2987
2988
2993
3000
3002
3008
3009
3011
3012
3016
3018
3019
3022
3027
3029
3030
3031
3033
3038
3039
3040
3043
3045
3048
3052
3054
3056
3058
3064
3070
3072
3073
3075
3077
3081
3083
3090
3093
3094
3098
3099
3101
3102
3113
3114
3116
3117
3123
3124
3125
3127
3130
3131
3134
3137
3138
3144
3146
3147
3157
3160
3161
3163
3164
3166
3169
3171
3172
3177
3181
3183
3186
3187
3188
3193
3196
3197
3199
3202
3205
3227
3235
3238
3241
3242
3245
3256
3258
3260
3261
3264
3268
3270
3273
3275
3277
3281
3287
3293
3304
3306
3310
3312
3316
3318
3321
3328
3333
3336
3341
3342
3348
3352
3355
3357
3358
3367
3369
3371
3372
3373
3374
3375
3376
3377
3382
3384
3387
3389
3390
3392
3393
3394
3395
3404
3413
3414
3420
3421
3422
3423
3424
3426
3427
3430
3431
3432
3433
3434
3438
3441
3443
3445
3449
3451
3455
3458
3459
3462
3463
3469
3472
3474
3475
3480
3483
3486
3489
3492
3496
3497
3500
3502
3504
3507
3508
3509
3511
3513
3522
3526
3529
3531
3534
3535
3540
3547
3548
3550
3552
3557
3562
3563
3567
3568
3576
3577
3578
3579
3581
3587
3591
3592
3595
3597
3599
3601
3606
3608
3613
3614
3615
3619
3620
3632
3638
3639
3641
3645
3650
3655
3657
3661
3667
3670
3671
3673
3675
3676
3679
3680
3681
3684
3685
3687
3688
3691
3692
3698
3699
3700
3703
3705
3706
3711
3715
3716
3718
3719
3721
3722
3723
3725
3727
3738
3742
3743
3747
3748
3749
3756
3760
3763
3765
3769
3770
3771
3773
3775
3776
3777
3778
3779
3780
3789
3790
3795
3797
3801
3804
3807
3808
3809
3818
3823
3831
3833
3835
3838
3839
3841
3843
3844
3849
3851
3854
3857
3864
3877
3883
3888
3890
3891
3894
3896
3904
3906
3907
3912
3918
3919
3922
3923
3925
3927
3929
3930
3932
3935
3938
3939
3941
3942
3944
3945
3948
3952
3953
3955
3965
3966
3969
3986
3987
3990
3991
3993
3994
4000
4005
4006
4011
4012
4014
4019
4023
4024
4026
4027
4028
4029
4031
4032
4033
4037
4038
4039
4043
4047
4048
4050
4053
4055
4056
4057
4058
4059
4062
4064
4065
4066
4067
4069
4075
4078
4080
4083
4087
4092
4095
4098
4099
4101
4102
4106
4108
4112
4118
4123
4124
4129
4133
4144
4149
4155
4156
4158
4160
4162
4169
4170
4173
4176
4177
4183
4187
4189
4191
4195
4200
4203
4212
4217
4218
4219
4224
4230
4232
4238
4240
4243
4247
4250
4252
4253
4254
4256
4259
4261
4262
4263
4265
4266
4268
4269
4271
4281
4282
4283
4288
4289
4291
4294
4295
4296
4300
4302
4305
4314
4316
4317
4322
4324
4325
4326
4333
4336
4339
4347
4351
4353
4354
4360
4369
4370
4371
4377
4382
4383
4390
4393
4397
4403
4404
4405
4407
4410
4411
4413
4415
4421
4425
4428
4432
4436
4439
4441
4446
4454
4455
4464
4465
4467
4471
4473
4477
4489
4491
4494
4495
4498
4503
4506
4510
4511
4513
4515
4517
4520
4522
4524
4527
4531
4533
4534
4537
4538
4542
4545
4548
4550
4553
4554
4557
4558
4561
4562
4565
4568
4573
4574
4576
4582
4583
4588
4589
4590
4592
4593
4598
4599
4600
4601
4603
4605
4606
4607
4612
4615
4616
4617
4620
4625
4630
4636
4638
4640
4644
4646
4647
4653
4668
4671
4674
4679
4683
4691
4693
4696
4700
4703
4704
4709
4712
4717
4719
4723
4727
4728
4729
4730
4731
4732
4733
4737
4742
4745
4747
4752
4757
4760
4761
4763
4769
4777
4779
4781
4783
4784
4789
4797
4810
4817
4820
4821
4822
4823
4824
4826
4829
4831
4834
4836
4843
4847
4849
4851
4853
4863
4865
4871
4873
4874
4875
4876
4877
4889
4891
4892
4893
4900
4901
4902
4908
4910
4911
4915
4920
4933
4938
4942
4943
4945
4950
4953
4954
4955
4967
4969
4970
4972
4978
4983
4988
4995
4997
5000
5022
5025
5028
5029
5040
5044
5045
5046
5051
5055
5056
5061
5062
5063
5065
5069
5071
5074
5076
5079
5080
5083
5088
5089
5090
5091
5096
5097
5101
5107
5118
5123
5129
5132
5134
5141
5145
5149
5150
5158
5159
5160
5162
5174
5178
5180
5187
5188
5189
5190
5195
5201
5204
5211
5222
5232
5236
5240
5248
5254
5257
5263
5267
5270
5272
5274
5278
5279
5283
5286
5288
5289
5294
5296
5300
5301
5303
5316
5323
5326
5329
5335
5337
5339
5343
5352
5355
5367
5371
5376
5378
5381
5382
5387
5388
5394
5396
5400
5402
5406
5407
5409
5425
5428
5433
5453
5463
5465
5467
5473
5474
5477
5480
5482
5485
5486
5491
5501
5502
5508
5519
5520
5522
5523
5536
5551
5570
5587
5596
5598
5600
5603
5608
5609
5612
5615
5621
5624
5627
5629
5636
5637
5647
5654
5656
5661
5662
5663
5669
5671
5675
5676
5683
5684
5687
5689
5690
5693
5702
5703
5706
5707
5709
5711
5716
5718
5722
5725
5728
5735
5736
5739
5744
5746
5747
5749
5750
5753
5758
5762
5763
5772
5777
5779
5783
5801
5807
5808
5820
5822
5823
5824
5828
5832
5836
5837
5843
5847
5848
5850
5856
5859
5860
5869
5871
5874
5876
5878
5882
5885
5888
5890
5891
5893
5895
5896
5902
5920
5922
5925
5931
5935
5940
5947
5949
5950
5957
5959
5968
5969
5970
5975
5979
5989
5992
5994
5995
6000
6005
6007
6014
6015
6020
6026
6028
6035
6044
6046
6053
6057
6060
6062
6070
6071
6072
6074
6077
6081
6086
6087
6089
6091
6092
6093
6096
6097
6100
6101
6105
6106
6107
6115
6122
6125
6127
6133
6138
6147
6148
6153
6158
6159
6160
6166
6174
6181
6185
6189
6196
6197
6198
6199
6201
6203
6209
6210
6212
6213
6217
6219
6222
6233
6240
6244
6250
6252
6253
6254
6257
6258
6262
6267
6269
6273
6276
6281
6283
6284
6288
6295
6300
6309
6311
6314
6315
6321
6324
6327
6331
6333
6337
6339
6343
6346
6350
6358
6361
6363
6369
6371
6372
6373
6385
6386
6391
6392
6395
6400
6403
6406
6411
6412
6414
6419
6420
6422
6423
6424
6430
6436
6437
6446
6459
6461
6463
6464
6469
6472
6476
6478
6486
6491
6496
6500
6501
6503
6506
6513
6514
6515
6518
6520
6521
6522
6528
6530
6534
6535
6537
6541
6542
6544
6545
6554
6559
6563
6565
6574
6577
6578
6582
6587
6589
6592
6594
6595
6599
6605
6619
6620
6625
6627
6630
6639
6651
6658
6662
6664
6666
6669
6674
6683
6684
6686
6693
6695
6698
6701
6704
6709
6716
6718
6720
6723
6727
6728
6733
6734
6736
6738
6743
6746
6755
6756
6757
6766
6779
6796
6799
6803
6806
6811
6813
6816
6818
6819
6833
6836
6842
6844
6850
6854
6857
6859
6863
6864
6865
6869
6870
6875
6882
6894
6902
6904
6905
6912
6916
6918
6921
6922
6923
6926
6927
6930
6937
6941
6944
6945
6946
6947
6948
6954
6957
6965
6972
6974
6975
6977
6978
6983
6994
6995
6996
6997
6998
6999
7000
7007
7018
7020
7022
7023
7025
7028
7031
7033
7035
7036
7038
7039
7041
7045
7048
7049
7051
7052
7054
7057
7062
7063
7064
7065
7070
7077
7081
7082
7083
7085
7090
7093
7097
7099
7103
7104
7105
7119
7120
7123
7125
7127
7130
7135
7138
7139
7141
7150
7153
7160
7162
7164
7165
7166
7169
7170
7175
7179
7186
7189
7195
7201
7207
7209
7213
7220
7223
7225
7226
7228
7232
7233
7238
7240
7243
7248
7251
7253
7254
7255
7257
7266
7267
7268
7272
7278
7283
7285
7286
7287
7292
7293
7300
7301
7303
7306
7307
7308
7314
7316
7322
7323
7326
7327
7332
7334
7336
7337
7341
7344
7347
7351
7354
7355
7358
7366
7367
7377
7382
7387
7388
7389
7394
7401
7403
7404
7410
7413
7422
7426
7429
7434
7444
7450
7452
7456
7462
7465
7466
7467
7473
7479
7480
7481
7482
7490
7492
7493
7499
7509
7510
7511
7513
7514
7516
7520
7521
7522
7527
7529
7534
7537
7543
7544
7549
7553
7556
7560
7562
7563
7567
7571
7576
7578
7581
7583
7588
7589
7598
7601
7604
7606
7611
7613
7614
7619
7623
7624
7629
7630
7631
7635
7636
7648
7651
7656
7658
7660
7663
7664
7666
7673
7674
7676
7682
7686
7688
7691
7693
7694
7698
7700
7702
7710
7711
7713
7716
7720
7722
7724
7730
7737
7744
7756
7757
7761
7764
7768
7769
7770
7771
7774
7777
7788
7789
7791
7792
7794
7796
7798
7805
7813
7820
7827
7834
7838
7841
7842
7843
7847
7848
7849
7850
7851
7854
7855
7857
7861
7863
7878
7882
7883
7887
7888
7889
7892
7894
7897
7898
7900
7903
7907
7911
7914
7916
7928
7930
7935
7951
7959
7962
7970
7973
7975
7981
7983
7988
7992
7996
8005
8010
8011
8012
8013
8016
8017
8018
8020
8025
8026
8028
8032
8037
8039
8041
8042
8048
8050
8054
8057
8059
8063
8066
8067
8077
8079
8084
8087
8097
8104
8106
8110
8112
8113
8115
8121
8125
8131
8132
8137
8138
8145
8152
8157
8158
8160
8167
8168
8172
8178
8186
8187
8188
8190
8195
8197
8198
8199
8205
8211
8214
8217
8218
8223
8224
8225
8226
8233
8244
8255
8258
8260
8262
8266
8267
8270
8272
8274
8275
8276
8280
8288
8295
8296
8299
8305
8312
8314
8318
8320
8322
8328
8333
8335
8336
8338
8344
8356
8358
8363
8364
8368
8372
8375
8376
8378
8382
8386
8395
8402
8409
8411
8413
8418
8425
8426
8432
8433
8434
8439
8444
8446
8447
8451
8456
8460
8462
8464
8466
8477
8479
8481
8493
8496
8500
8505
8507
8512
8523
8524
8527
8530
8534
8535
8537
8543
8550
8551
8558
8560
8561
8577
8579
8582
8586
8590
8593
8599
8604
8605
8613
8615
8622
8627
8631
8633
8643
8645
8646
8655
8665
8669
8676
8682
8687
8691
8695
8710
8712
8713
8715
8726
8727
8736
8741
8742
8752
8756
8759
8760
8765
8770
8775
8784
8793
8795
8815
8819
8826
8832
8836
8837
8839
8850
8851
8856
8861
8880
8888
8892
8897
8901
8902
8903
8912
8923
8933
8942
8950
8955
8956
8961
8963
8964
8976
8978
8981
8992
8996
9001
9003
9006
9007
9011
9024
9027
9037
9040
9051
9058
9063
9066
9070
9082
9083
9087
9089
9095
9103
9104
9108
9115
9120
9122
9125
9131
9136
9137
9139
9143
9148
9161
9162
9170
9177
9179
9187
9188
9189
9191
9192
9196
9199
9203
9204
9208
9211
9219
9220
9234
9235
9238
9242
9260
9261
9264
9266
9268
9273
9275
9277
9278
9282
9286
9289
9293
9296
9299
9303
9315
9317
9322
9323
9340
9349
9352
9353
9360
9363
9368
9371
9372
9376
9379
9380
9381
9383
9384
9389
9392
9400
9401
9410
9413
9427
9438
9441
9443
9444
9445
9447
9449
9451
9452
9457
9464
9468
9469
9472
9474
9481
9483
9487
9490
9491
9496
9499
9507
9513
9522
9527
9541
9542
9548
9549
9555
9562
9569
9570
9572
9577
9578
9590
9598
9601
9613
9615
9616
9623
9626
9634
9649
9655
9657
9658
9661
9673
9677
9681
9683
9685
9686
9689
9690
9696
9698
9699
9706
9710
9711
9716
9725
9742
9743
9745
9747
9756
9763
9768
9769
9771
9772
9774
9777
9778
9780
9784
9786
9794
9802
9808
9816
9819
9820
9821
9822
9824
9827
9830
9831
9834
9839
9849
9851
9854
9858
9864
9866
9868
9870
9878
9881
9891
9892
9904
9906
9909
9915
9929
9939
9944
9957
9958
9968
9971
9974
9980
9981
9984
9985
9994
9997
10000
10010
10012
10013
10017
10021
10023
10029
10036
10042
10044
10045
10051
10053
10056
10064
10066
10067
10068
10069
10071
10074
10076
10081
10082
10094
10100
10101
10111
10113
10115
10120
10121
10128
10132
10135
10138
10152
10157
10161
10165
10169
10178
10179
10180
10181
10182
10193
10195
10201
10212
10214
10216
10220
10227
10231
10234
10242
10244
10250
10251
10256
10257
10264
10267
10272
10280
10283
10285
10289
10290
10295
10298
10306
10310
10313
10314
10319
10320
10322
10325
10327
10328
10329
10330
10337
10353
10354
10361
10368
10369
10371
10374
10376
10379
10380
10381
10382
10384
10385
10388
10391
10392
10393
10399
10400
10404
10406
10411
10418
10420
10422
10423
10429
10430
10437
10440
10445
10460
10477
10478
10483
10495
10499
10502
10517
10518
10520
10524
10526
10530
10531
10532
10540
10544
10557
10561
10566
10567
10572
10573
10582
10597
10598
10599
10605
10609
10616
10633
10654
10666
10667
10673
10676
10680
10686
10690
10691
10692
10697
10699
10701
10703
10706
10713
10716
10717
10718
10725
10729
10733
10736
10745
10747
10752
10754
10755
10757
10759
10764
10765
10767
10770
10783
10784
10788
10790
10796
10797
10798
10802
10805
10807
10813
10816
10819
10822
10823
10842
10843
10853
10860
10873
10874
10876
10879
10883
10888
10894
10895
10902
10912
10913
10915
10917
10920
10924
10927
10930
10934
10941
10942
10944
10947
10954
10955
10958
10960
10966
10967
10969
10974
10979
10984
10985
10986
10989
11000
11004
11008
11009
11010
11012
11018
11033
11056
11063
11064
11065
11066
11070
11072
11077
11078
11079
11087
11089
11092
11093
11099
11105
11122
11124
11125
11130
11141
11144
11147
11151
11156
11166
11169
11180
11190
11194
11197
11199
11204
11212
11213
11216
11217
11218
11219
11221
11222
11227
11230
11233
11248
11254
11257
11259
11263
11266
11269
11276
11277
11283
11285
11291
11292
11294
11298
11305
11308
11314
11319
11326
11327
11335
11347
11350
11355
11358
11360
11363
11370
11371
11378
11383
11389
11390
11399
11401
11402
11404
11408
11415
11425
11429
11430
11432
11434
11437
11445
11449
11451
11461
11464
11475
11479
11480
11482
11488
11490
11492
11508
11510
11517
11525
11528
11532
11535
11540
11547
11548
11554
11566
11568
11569
11571
11575
11587
11593
11594
11595
11596
11598
11599
11601
11604
11608
11612
11614
11616
11617
11623
11624
11628
11629
11653
11655
11658
11659
11660
11668
11677
11680
11682
11683
11686
11691
11695
11698
11701
11705
11711
11712
11714
11715
11725
11736
11738
11739
11742
11752
11754
11758
11764
11772
11774
11785
11792
11794
11795
11806
11810
11813
11816
11820
11821
11834
11835
11841
11847
11853
11865
11870
11873
11875
11879
11880
11882
11896
11897
11903
11904
11906
11907
11909
11912
11913
11920
11924
11932
11936
11945
11957
11958
11960
11962
11964
11971
11973
11979
11988
11990
11997
11999
12001
12002
12007
12020
12023
12028
12032
12044
12049
12051
12055
12057
12069
12071
12074
12075
12080
12083
12085
12087
12096
12097
12102
12106
12111
12113
12116
12117
12127
12129
12132
12140
12150
12151
12154
12158
12165
12171
12173
12174
12176
12181
12186
12189
12217
12230
12243
12244
12252
12256
12275
12279
12298
12300
12303
12308
12315
12316
12329
12330
12343
12348
12352
12353
12362
12363
12365
12369
12370
12372
12375
12384
12386
12391
12393
12395
12398
12400
12422
12427
12429
12438
12448
12458
12459
12463
12474
12482
12487
12494
12499
12504
12508
12514
12517
12524
12531
12533
12535
12536
12554
12557
12559
12562
12565
12566
12567
12576
12578
12584
12592
12593
12602
12609
12613
12616
12617
12618
12622
12624
12627
12629
12634
12635
12651
12657
12665
12666
12669
12672
12679
12681
12683
12684
12690
12693
12697
12699
12703
12704
12707
12715
12726
12727
12731
12742
12746
12753
12756
12765
12768
12771
12773
12782
12795
12798
12803
12809
12811
12815
12825
12829
12834
12838
12844
12849
12850
12855
12863
12869
12877
12879
12881
12887
12892
12898
12899
12900
12902
12903
12905
12909
12912
12913
12918
12919
12936
12939
12944
12946
12949
12951
12960
12967
12983
12984
12993
13000
13003
13006
13017
13018
13021
13029
13037
13038
13042
13043
13045
13051
13054
13056
13063
13080
13087
13095
13100
13103
13118
13119
13126
13128
13134
13135
13140
13142
13150
13152
13175
13185
13188
13200
13202
13204
13206
13211
13227
13242
13262
13275
13279
13281
13286
13306
13308
13312
13314
13316
13322
13325
13329
13331
13334
13344
13347
13352
13354
13374
13377
13380
13397
13401
13412
13416
13420
13435
13439
13442
13446
13467
13472
13489
13495
13503
13506
13509
13514
13519
13527
13531
13532
13542
13549
13554
13558
13570
13617
13626
13629
13630
13636
13640
13646
13648
13649
13650
13655
13664
13665
13672
13675
13688
13693
13700
13705
13711
13712
13718
13729
13736
13740
13748
13758
13781
13787
13809
13814
13833
13837
13838
13848
13849
13850
13854
13860
13862
13866
13867
13870
13884
13890
13891
13897
13901
13905
13906
13907
13915
13919
13920
13933
13935
13938
13941
13950
13967
13972
13994
14000
14004
14013
14015
14018
14035
14037
14038
14045
14053
14054
14058
14067
14078
14090
14092
14093
14095
14097
14104
14110
14117
14131
14144
14145
14151
14154
14170
14174
14180
14185
14189
14200
14206
14209
14216
14221
14222
14231
14236
14238
14242
14248
14255
14256
14258
14268
14269
14288
14290
14297
14339
14368
14384
14407
14426
14429
14431
14439
14467
14545
14554
14561
14572
14603
14638
14679
14711
14741
14750
14777
14810
14852
14909
14925
14931
14951
14955
14970
14990
14993
15119
15125
15131
15141
15153
15159
15178
15193
15228
15238
15239
15263
15267
15356
15393
15415
15449
15460
15479
15602
15605
15619
15675
15683
15707
15726
15744
15816
15853
15884
15940
15950
15955
15999
16013
16036
16094
16154
16160
16161
16227
16232
16292
16293
16295
16319
16327
16370
16428
16486
16524
16557
16599
16617
16840
16841
16851
16857
16867
16887
16970
16985
17018
17027
17121
17147
17155
17164
17212
17231
17346
17536
17557
17616
17640
17667
17993
18029
18068
18073
18094
18162
18375
18428
18429
18432
18488
18489
18597
18609
18663
18767
18776
18777
18779
18851
18889
18905
18909
18944
18952
19028
19038
19053
19065
19070
19181
19255
19275
19281
19379
19494
19495
19516
19545
19564
19614
19646
19665
19718
19744
19751
19760
19836
19852
19931
19938
20015
20032
20038
20045
20048
20062
20547
20563
20597
20695
20778
20811
21080
21219
21295
21324
21335
21477
21489
21634
21693
21816
22076
22212
22231
22463
22471
22557
22745
22844
22919
22996
23018
23224
23402
23448
23565
23905
24371
25055
25351
25355
25683
25892
26225
26429
26619
26652
26736
26793
27023
27111
27131
27230
27263
27264
27277
27430
27471
27522
27551
27573
27577
27645
27692
27924
29305
29443
30221
34387
35043
35087
35180
35272
35283
36484
38615
42532
53125
53152
54900
57836
61406
61494
62891
64002
65871
67681
68226
68882
68945
69303
69689
74697
75650
78728
78899
79404
79815
82512
85890
86805
90077
107970
108134
108341
108391
108505
113524
113926
113941
113956
114074
114168
114178
114241
114417
115345
115498
115711
115805
115900
117542
117971
119444
121030
121375
121442
121775
121973
122033
122141
122763
123464
123552
124819
130442
130555
130862
130911
131285
133892
136029
136244
136276
136358
136684
136702
137076
137214
138208
143020
143131
143403
143474
143637
143751
143763
143906
143963
144049
144167
144208
144265
144295
144299
144308
144336
144349
144382
144436
144664
144869
145414
145696
145804
145810
145824
145867
145870
146170
146379
146538
146986
147194
147974
151743
153717
158363
158411
158418
158709
158900
158927
159304
160431
162439
162471
162474
162496
162514
163218
163304
163313
163688
163832
164052
164286
168553
170449
170546
170987
170992
171069
171181
171208
171294
171427
171464
171602
172150
172496
172939
175138
175786
176168
176202
176232
176259
176304
176345
176347
176573
176839
176887
179074
179228
189434
189498
190140
190256
190310
190409
201307
201820
201841
201926
202687
203048
203112
203128
203132
204105
204512
204542
204573