1
10
14
20
23
24
28
29
36
38
65
66
69
79
87
89
93
99
103
106
107
110
115
129
134
136
142
150
152
154
173
183
190
193
195
196
204
205
209
210
225
234
237
248
251
254
257
259
260
270
271
290
291
304
310
324
328
330
337
346
362
364
366
368
377
378
387
392
394
395
397
399
400
404
407
409
410
411
413
422
423
424
430
432
436
437
438
449
459
463
465
473
474
475
478
479
487
493
494
495
496
497
505
506
507
512
514
516
521
522
525
526
527
529
530
533
550
552
555
557
559
560
562
564
567
571
573
574
580
582
583
584
585
588
592
594
596
597
603
605
609
614
616
628
630
631
632
635
638
641
643
653
654
656
661
663
672
673
674
678
680
682
684
692
694
697
711
717
726
733
735
736
748
751
758
759
765
766
773
775
779
780
783
784
785
793
796
801
812
813
815
819
821
822
823
824
826
829
831
833
834
835
836
837
842
854
862
864
867
869
870
879
884
888
901
907
916
918
921
922
923
924
925
929
930
932
949
950
953
955
959
963
977
980
981
986
1004
1016
1022
1023
1024
1030
1031
1032
1033
1034
1038
1040
1042
1046
1049
1050
1054
1056
1067
1069
1074
1081
1089
1098
1099
1100
1104
1106
1107
1112
1113
1114
1115
1118
1120
1122
1135
1136
1138
1147
1149
1150
1158
1162
1163
1165
1168
1170
1173
1178
1179
1183
1184
1188
1192
1199
1205
1211
1215
1223
1224
1226
1228
1237
1239
1242
1249
1257
1258
1260
1263
1264
1267
1268
1274
1280
1288
1295
1300
1302
1309
1311
1313
1317
1320
1327
1333
1336
1344
1352
1357
1359
1361
1365
1367
1369
1379
1382
1385
1386
1387
1388
1390
1393
1397
1398
1401
1406
1407
1409
1414
1415
1424
1428
1431
1434
1446
1447
1448
1453
1454
1455
1459
1461
1464
1473
1478
1479
1480
1484
1489
1492
1497
1499
1501
1504
1506
1508
1510
1517
1520
1527
1531
1534
1536
1539
1542
1544
1545
1546
1548
1553
1554
1555
1558
1562
1569
1571
1572
1573
1576
1578
1581
1589
1591
1595
1597
1601
1608
1609
1613
1621
1622
1626
1627
1632
1635
1645
1647
1648
1655
1657
1668
1677
1683
1684
1687
1696
1704
1707
1709
1711
1713
1714
1725
1727
1738
1739
1744
1747
1748
1756
1774
1776
1777
1790
1794
1797
1801
1808
1809
1811
1812
1822
1824
1832
1833
1838
1839
1843
1844
1849
1851
1854
1863
1864
1869
1872
1873
1875
1880
1881
1886
1889
1890
1891
1903
1910
1912
1913
1914
1918
1919
1922
1923
1927
1932
1936
1941
1943
1947
1950
1953
1956
1959
1960
1963
1980
1984
1985
1989
1990
1993
1997
2000
2001
2003
2009
2014
2017
2018
2019
2025
2029
2033
2034
2036
2044
2045
2050
2059
2060
2061
2064
2065
2070
2075
2077
2079
2080
2085
2087
2091
2097
2101
2104
2105
2109
2112
2116
2117
2126
2127
2139
2143
2144
2159
2179
2184
2186
2190
2201
2203
2213
2214
2215
2223
2225
2228
2229
2235
2237
2242
2244
2256
2261
2266
2281
2288
2290
2291
2295
2296
2298
2305
2309
2310
2311
2320
2322
2326
2333
2346
2351
2352
2353
2359
2363
2370
2372
2376
2384
2391
2392
2393
2398
2407
2409
2415
2417
2418
2426
2427
2431
2433
2435
2436
2455
2466
2483
2487
2490
2494
2497
2504
2509
2510
2519
2522
2527
2528
2535
2537
2543
2549
2552
2562
2564
2565
2567
2579
2584
2590
2608
2611
2613
2614
2620
2625
2628
2637
2641
2643
2650
2651
2653
2654
2656
2658
2659
2665
2668
2672
2676
2688
2691
2693
2697
2703
2718
2720
2722
2726
2727
2729
2730
2732
2733
2734
2738
2742
2747
2750
2751
2753
2755
2757
2764
2770
2777
2780
2784
2788
2799
2801
2805
2806
2812
2817
2822
2823
2827
2829
2832
2834
2837
2842
2846
2848
2854
2858
2859
2862
2863
2864
2873
2888
2889
2891
2898
2902
2904
2907
2917
2920
2921
2929
2930
2934
2935
2939
2940
2941
2947
2949
2951
2956
2957
2960
2971
2977
2979
2980
2985
2986
2989
2990
2994
3002
3004
3008
3016
3017
3019
3021
3033
3035
3044
3047
3049
3051
3056
3057
3061
3063
3068
3070
3073
3075
3076
3078
3079
3080
3085
3097
3100
3107
3110
3112
3113
3114
3119
3121
3127
3140
3142
3144
3146
3147
3149
3151
3159
3161
3167
3186
3187
3190
3192
3193
3195
3196
3198
3216
3217
3218
3220
3225
3228
3232
3236
3239
3240
3242
3246
3251
3252
3255
3259
3263
3272
3282
3285
3290
3291
3292
3295
3300
3308
3310
3318
3319
3327
3334
3337
3340
3343
3351
3352
3353
3354
3356
3358
3365
3368
3372
3375
3380
3382
3384
3392
3396
3397
3398
3399
3401
3406
3408
3410
3411
3415
3418
3420
3423
3424
3426
3437
3438
3439
3443
3447
3448
3452
3454
3456
3458
3460
3461
3470
3472
3474
3476
3478
3480
3481
3482
3483
3486
3490
3492
3493
3495
3502
3504
3505
3509
3510
3528
3531
3535
3540
3543
3547
3554
3556
3558
3565
3566
3567
3571
3577
3578
3586
3589
3591
3593
3599
3602
3604
3610
3617
3618
3619
3624
3626
3632
3636
3639
3644
3648
3649
3650
3652
3653
3656
3661
3662
3663
3671
3672
3676
3679
3686
3687
3689
3691
3692
3693
3700
3701
3707
3711
3717
3720
3731
3737
3740
3744
3747
3750
3751
3753
3758
3765
3767
3768
3770
3772
3777
3784
3786
3788
3792
3799
3814
3815
3816
3820
3826
3829
3831
3840
3844
3850
3855
3856
3871
3872
3877
3888
3890
3894
3895
3897
3903
3905
3907
3910
3920
3924
3925
3927
3932
3933
3945
3946
3949
3959
3962
3966
3970
3973
3976
3977
3981
3982
3988
3989
3992
3993
4001
4003
4004
4006
4008
4013
4021
4026
4031
4036
4037
4039
4047
4050
4054
4059
4061
4064
4075
4077
4081
4082
4085
4087
4092
4103
4107
4110
4114
4117
4120
4126
4127
4128
4135
4137
4139
4143
4145
4146
4150
4154
4160
4162
4169
4174
4175
4181
4182
4197
4198
4205
4207
4208
4209
4210
4211
4220
4221
4223
4228
4232
4238
4239
4243
4251
4252
4255
4260
4262
4264
4274
4275
4283
4285
4293
4299
4319
4320
4321
4324
4329
4330
4332
4337
4339
4340
4342
4355
4358
4371
4384
4387
4398
4401
4410
4412
4416
4421
4438
4444
4450
4458
4459
4460
4461
4471
4477
4493
4494
4495
4498
4499
4514
4521
4523
4524
4525
4532
4554
4560
4566
4567
4574
4587
4588
4592
4605
4610
4612
4615
4620
4622
4625
4628
4629
4631
4633
4635
4636
4638
4643
4648
4651
4663
4664
4667
4673
4676
4677
4680
4682
4689
4691
4693
4695
4698
4700
4701
4704
4712
4716
4720
4726
4730
4731
4738
4751
4752
4754
4757
4759
4762
4772
4779
4780
4783
4784
4785
4786
4790
4791
4794
4800
4804
4806
4807
4812
4819
4821
4824
4825
4827
4828
4829
4830
4832
4843
4845
4847
4848
4853
4857
4858
4864
4880
4882
4884
4892
4895
4900
4911
4912
4928
4932
4936
4938
4939
4948
4951
4952
4958
4960
4961
4964
4973
4980
4984
4988
4996
4997
4998
5015
5020
5025
5026
5033
5034
5040
5046
5048
5064
5070
5073
5074
5079
5087
5090
5092
5093
5097
5111
5129
5140
5145
5148
5150
5152
5156
5157
5160
5163
5164
5169
5175
5182
5193
5194
5197
5200
5202
5211
5212
5217
5220
5222
5226
5227
5230
5238
5239
5244
5245
5248
5250
5255
5277
5282
5289
5291
5292
5300
5301
5303
5313
5319
5323
5324
5336
5341
5343
5350
5360
5375
5376
5379
5384
5392
5395
5396
5405
5406
5408
5410
5411
5413
5414
5417
5429
5433
5434
5440
5449
5452
5468
5471
5477
5486
5488
5489
5490
5492
5496
5500
5502
5503
5504
5505
5511
5512
5513
5515
5519
5528
5536
5537
5543
5550
5551
5552
5557
5559
5562
5569
5572
5573
5574
5583
5587
5589
5592
5596
5602
5604
5606
5609
5611
5615
5618
5619
5623
5632
5636
5640
5643
5644
5651
5654
5655
5661
5663
5672
5673
5675
5676
5677
5680
5689
5690
5697
5700
5707
5710
5712
5717
5720
5739
5740
5742
5752
5753
5755
5760
5768
5772
5774
5779
5780
5782
5791
5794
5800
5806
5808
5813
5814
5816
5819
5822
5823
5826
5828
5831
5833
5835
5838
5839
5841
5845
5865
5868
5875
5877
5879
5881
5890
5892
5900
5903
5908
5912
5914
5925
5926
5939
5945
5954
5955
5959
5964
5966
5972
5981
5986
5998
6000
6003
6004
6014
6017
6018
6024
6025
6029
6033
6034
6038
6040
6042
6044
6049
6050
6057
6060
6064
6068
6073
6074
6077
6084
6087
6089
6096
6098
6104
6105
6110
6112
6113
6122
6124
6128
6134
6144
6148
6150
6156
6158
6159
6160
6163
6165
6190
6191
6192
6194
6197
6202
6204
6206
6210
6215
6219
6221
6222
6231
6237
6238
6239
6244
6246
6247
6249
6251
6252
6260
6267
6271
6272
6275
6287
6291
6293
6303
6304
6310
6312
6318
6321
6322
6325
6327
6335
6340
6347
6351
6353
6356
6360
6362
6367
6373
6381
6384
6387
6388
6389
6390
6391
6404
6405
6406
6408
6409
6416
6434
6440
6450
6451
6458
6459
6466
6469
6472
6473
6474
6475
6478
6492
6495
6509
6513
6514
6515
6517
6518
6519
6520
6523
6524
6528
6533
6536
6538
6540
6548
6552
6553
6554
6555
6556
6561
6570
6571
6573
6574
6575
6587
6592
6597
6598
6604
6606
6612
6630
6632
6634
6641
6643
6646
6647
6650
6651
6653
6654
6655
6657
6659
6660
6662
6665
6666
6669
6677
6680
6682
6685
6689
6692
6693
6696
6701
6702
6708
6709
6712
6716
6720
6725
6729
6730
6732
6733
6736
6749
6755
6762
6766
6769
6776
6782
6790
6806
6815
6818
6821
6822
6825
6832
6833
6834
6836
6837
6843
6847
6848
6849
6851
6853
6856
6869
6876
6885
6886
6891
6894
6898
6907
6911
6912
6913
6914
6915
6921
6924
6925
6934
6938
6951
6953
6955
6965
6966
6971
6974
6980
6989
6997
7018
7021
7024
7026
7027
7032
7034
7035
7039
7044
7050
7056
7060
7062
7071
7075
7076
7081
7084
7085
7090
7094
7097
7099
7111
7113
7120
7127
7135
7145
7146
7152
7166
7170
7172
7179
7180
7182
7191
7197
7204
7220
7222
7225
7228
7230
7236
7238
7248
7251
7265
7266
7273
7281
7283
7284
7287
7289
7291
7293
7296
7297
7299
7301
7303
7304
7321
7325
7328
7332
7339
7354
7362
7364
7366
7374
7378
7379
7390
7391
7393
7394
7395
7402
7409
7415
7420
7429
7438
7443
7452
7454
7461
7465
7469
7478
7482
7487
7490
7504
7510
7512
7516
7528
7530
7531
7537
7540
7553
7557
7560
7567
7576
7585
7589
7592
7599
7607
7611
7613
7619
7625
7630
7639
7643
7649
7673
7676
7678
7679
7684
7686
7688
7689
7692
7695
7696
7700
7707
7708
7712
7723
7725
7726
7731
7737
7738
7739
7748
7749
7753
7757
7760
7769
7776
7783
7784
7785
7786
7788
7790
7793
7816
7823
7833
7840
7843
7851
7858
7871
7875
7876
7878
7880
7885
7887
7896
7897
7898
7910
7912
7925
7934
7935
7944
7956
7958
7965
7968
7969
7971
7972
7976
7984
7987
7990
7997
7999
8007
8013
8017
8020
8026
8027
8028
8052
8060
8061
8063
8066
8068
8069
8070
8075
8077
8080
8081
8088
8094
8095
8100
8103
8104
8107
8112
8126
8137
8141
8146
8156
8162
8164
8165
8167
8178
8179
8182
8184
8186
8187
8192
8205
8212
8213
8215
8217
8219
8223
8234
8236
8243
8244
8256
8257
8259
8267
8268
8270
8272
8275
8279
8281
8285
8286
8290
8292
8294
8300
8302
8305
8316
8321
8325
8327
8330
8345
8346
8356
8360
8363
8367
8368
8370
8384
8391
8392
8394
8397
8401
8402
8403
8414
8416
8419
8420
8421
8426
8427
8434
8438
8440
8450
8455
8456
8460
8464
8469
8471
8502
8505
8506
8508
8513
8521
8523
8534
8535
8536
8538
8544
8546
8553
8559
8566
8573
8574
8576
8594
8599
8604
8607
8614
8622
8626
8637
8641
8642
8647
8653
8658
8661
8669
8674
8677
8683
8684
8690
8702
8711
8715
8725
8726
8727
8741
8744
8745
8748
8751
8752
8753
8762
8764
8765
8770
8771
8783
8792
8796
8810
8812
8813
8827
8828
8834
8837
8847
8855
8859
8869
8875
8902
8907
8911
8913
8915
8917
8920
8926
8927
8928
8930
8932
8937
8941
8947
8948
8951
8953
8955
8960
8962
8965
8972
8980
8989
8990
8997
8999
9001
9002
9003
9013
9014
9017
9018
9019
9028
9043
9044
9052
9054
9058
9062
9063
9065
9073
9075
9089
9093
9096
9100
9102
9115
9121
9125
9132
9134
9151
9157
9160
9164
9173
9188
9191
9195
9199
9200
9205
9219
9223
9228
9232
9236
9238
9240
9245
9246
9249
9250
9252
9255
9257
9263
9264
9269
9274
9275
9278
9283
9285
9287
9295
9301
9302
9319
9330
9336
9355
9357
9363
9364
9373
9378
9379
9386
9388
9398
9399
9401
9409
9413
9415
9417
9421
9425
9431
9435
9436
9440
9449
9450
9453
9457
9458
9465
9466
9471
9475
9479
9485
9487
9490
9492
9495
9516
9517
9527
9528
9536
9537
9542
9549
9555
9556
9572
9574
9576
9580
9582
9585
9586
9588
9591
9592
9593
9597
9599
9603
9605
9612
9617
9622
9642
9644
9646
9658
9660
9662
9667
9681
9688
9692
9702
9712
9717
9720
9724
9726
9730
9737
9749
9768
9775
9777
9783
9789
9797
9800
9806
9810
9815
9833
9835
9844
9852
9856
9858
9865
9875
9876
9878
9888
9889
9896
9899
9900
9902
9905
9909
9914
9915
9923
9925
9926
9928
9931
9935
9937
9942
9952
9955
9957
9961
9970
9971
9972
9973
9977
9978
9982
9988
9992
9995
9996
10003
10005
10006
10007
10024
10026
10028
10031
10032
10037
10040
10062
10069
10071
10074
10076
10085
10091
10098
10100
10101
10113
10120
10123
10127
10137
10148
10152
10164
10166
10168
10171
10185
10188
10192
10193
10199
10207
10211
10212
10216
10217
10221
10238
10242
10259
10260
10262
10265
10272
10282
10284
10288
10289
10297
10298
10300
10302
10303
10307
10309
10334
10335
10337
10342
10344
10348
10349
10350
10351
10360
10365
10374
10375
10383
10386
10406
10414
10415
10418
10433
10440
10444
10448
10454
10470
10474
10475
10487
10488
10490
10496
10517
10526
10527
10532
10538
10541
10549
10552
10554
10556
10559
10562
10570
10584
10587
10595
10596
10600
10605
10607
10614
10620
10622
10626
10628
10631
10635
10640
10670
10674
10675
10676
10677
10685
10689
10698
10702
10704
10707
10715
10720
10731
10734
10741
10744
10748
10749
10750
10753
10754
10761
10787
10797
10808
10809
10829
10836
10839
10844
10849
10850
10853
10854
10867
10868
10874
10878
10882
10884
10885
10905
10906
10915
10917
10918
10926
10927
10948
10949
10960
10961
10973
10977
10985
10987
10988
10989
10991
10993
10997
11006
11010
11019
11025
11029
11039
11064
11088
11090
11092
11094
11099
11121
11125
11129
11142
11153
11159
11161
11168
11171
11172
11178
11183
11184
11187
11190
11192
11199
11202
11208
11213
11216
11220
11229
11235
11237
11239
11240
11250
11268
11273
11280
11289
11293
11298
11321
11329
11330
11334
11336
11337
11340
11351
11358
11373
11378
11379
11384
11390
11403
11408
11434
11436
11446
11448
11451
11496
11513
11516
11528
11535
11545
11547
11562
11564
11572
11573
11574
11582
11583
11585
11586
11594
11597
11600
11601
11609
11616
11619
11625
11631
11637
11642
11656
11659
11664
11671
11677
11680
11685
11687
11689
11691
11702
11713
11719
11720
11739
11740
11747
11749
11763
11769
11770
11775
11786
11792
11812
11819
11822
11835
11841
11847
11857
11858
11878
11881
11895
11898
11907
11910
11914
11917
11936
11941
11952
11953
11956
11957
11961
11962
11965
11974
11979
11995
11998
12000
12009
12013
12014
12020
12021
12022
12033
12034
12042
12045
12046
12049
12052
12053
12058
12069
12075
12079
12081
12082
12087
12097
12103
12105
12110
12116
12117
12119
12121
12124
12132
12133
12136
12148
12151
12154
12161
12162
12170
12180
12181
12190
12191
12197
12204
12208
12214
12221
12228
12242
12244
12247
12249
12257
12268
12273
12279
12285
12287
12295
12301
12304
12307
12308
12316
12321
12325
12327
12346
12353
12363
12378
12380
12387
12397
12398
12400
12408
12413
12414
12420
12431
12433
12440
12441
12455
12463
12464
12473
12477
12478
12481
12489
12496
12497
12503
12504
12507
12508
12510
12515
12523
12532
12537
12541
12542
12543
12545
12552
12566
12583
12590
12592
12593
12598
12601
12605
12626
12646
12649
12653
12659
12673
12675
12676
12682
12710
12714
12716
12722
12724
12725
12733
12734
12752
12757
12759
12766
12775
12781
12800
12804
12811
12821
12822
12825
12829
12839
12842
12855
12856
12857
12868
12873
12874
12880
12885
12887
12892
12909
12937
12939
12942
12945
12948
12950
12953
12971
12974
12981
13005
13049
13050
13060
13062
13068
13070
13077
13078
13081
13084
13085
13087
13089
13093
13099
13100
13102
13107
13113
13115
13140
13142
13143
13144
13148
13149
13150
13155
13171
13173
13191
13207
13211
13216
13217
13220
13221
13225
13239
13240
13250
13254
13273
13274
13275
13284
13292
13295
13303
13308
13312
13320
13325
13356
13357
13369
13371
13381
13398
13401
13402
13408
13409
13411
13437
13446
13477
13478
13479
13500
13508
13509
13512
13523
13528
13541
13551
13555
13558
13561
13567
13569
13587
13594
13595
13604
13630
13632
13633
13658
13660
13662
13673
13682
13684
13685
13687
13688
13701
13705
13737
13753
13757
13759
13760
13761
13769
13779
13787
13793
13799
13800
13804
13808
13822
13832
13838
13843
13846
13853
13863
13867
13869
13882
13891
13902
13917
13921
13933
13936
13950
13969
13970
13972
13982
13986
13989
13991
13993
13995
14000
14002
14011
14017
14028
14031
14033
14043
14052
14053
14076
14077
14083
14090
14092
14094
14105
14113
14114
14115
14121
14125
14128
14130
14131
14132
14135
14142
14154
14180
14186
14189
14193
14196
14198
14199
14209
14217
14247
14248
14249
14253
14256
14259
14265
14266
14270
14279
14284
14308
14332
14333
14344
14434
14501
14537
14542
14558
14568
14569
14575
14601
14630
14634
14640
14661
14686
14714
14747
14756
14783
14805
14836
14851
14863
14906
14952
14973
14989
14996
15002
15038
15054
15088
15107
15109
15161
15163
15205
15231
15259
15263
15278
15301
15314
15325
15336
15343
15356
15383
15397
15422
15454
15492
15546
15552
15629
15636
15639
15676
15695
15706
15715
15737
15747
15831
15842
15900
15928
16020
16026
16081
16098
16109
16110
16153
16184
16193
16233
16245
16249
16267
16268
16272
16278
16299
16343
16347
16359
16385
16392
16393
16437
16508
16534
16536
16550
16551
16606
16635
16680
16691
16720
16724
16770
16772
16819
16831
16855
16865
16867
16891
16917
16934
16937
16942
16953
16999
17010
17021
17031
17035
17038
17086
17105
17110
17154
17156
17162
17249
17261
17270
17303
17346
17352
17498
17538
17577
17598
17602
17609
17612
17650
17655
17668
17680
17697
17739
17741
17758
17773
17793
17809
17862
17897
17900
18011
18048
18059
18069
18076
18128
18136
18219
18243
18244
18254
18276
18284
18334
18341
18357
18392
18398
18410
18415
18424
18428
18458
18487
18539
18596
18654
18664
18689
18715
18760
18773
18795
19063
19387
19582
19630
19635
19835
20110
20259
20322
20872
21271
22354
22589
22689
22771
22795
22799
22802
22804
22807
22836
22881
22894
22896
22897
22898
22952
22955
22969
22976
23004
23005
23009
23016
23038
23042
23051
23054
23062
23110
23122
23131
23132
23140
23159
23169
23180
23185
23186
23189
23201
23205
23211
23223
23235
23246
23278
23279
23311
23316
23360
23379
23396
23400
23403
23508
23513
23518
23523
23551
23560
23581
23680
23726
23829
23847
23885
23943
23948
23982
23989
24020
24093
24109
24387
24576
24601
24638
24647
24702
24741
24770
24789
24821
24874
24945
24987
25135
25142
25155
25283
25294
25413
25441
25513
25524
28889
29227
29328
29552
30066
31254
31951
32450
35949
36138
37761
48027
48065
48083
48269
49431
51417
52342
52891
54165
54179
55097
56307
57078
57250
57278
57480
57726
58968
59394
59594
60578
68213
68839
75285
77699
78107
78198
80222
80700
82188
86451
86793
87197
87804
87840
88080
88181
93194
95732
95891
96063
97990
98418
100608
101681
102092
102317
103338
105798
109826
112043
122672
122904
122925
123329
123760
127293
128208
128449
129983
135708
135808
135923
136581
136673
137957
139604
140048
142003
142129
142166
142600
142613
142685
142742
142850
143225
143237
143316
145344
145548
145876
146321
146403
146488
146620
146674
146814
146887
147271
147524
147540
147755
147981
148095
148420
148434
148591
148721
150375
150529
151112
152377
155269
156677
156769
156996
157056
157068
157880
158852
159793
160522
161356
161743
161917
162067
162125
162247
162351
162385
162501
171634
173640
174705
175328
175768
175856
176497
176760
179665
187162
188302
188407
188869
189337
189493
189517
189717
189840
189925
189963
189985
190003
190097
190231
190468
190664
190673
190944
191059
191068
191126
191317
191484
191504
191612
191704
191863
191879
192017
192024
192032
192066
192118
192145
192168
192825
193844
195891
196017
196091
198121
198189
198232
198257
201518
201656
208328
211722
212351
213147
214872
215239
215357
217736
217773
218016
218061
218089
218101
218184
219002
219004
219052
219753
219801
220576
220678
222616
222955
223091
223123
223381
223489
223566
223668
223679
223738
223767
223836
223837
223935
224078
224220
224248
224424
224644
224669
224802
225132
225188
225233
225392
225420
225421
225428
225677
225891
225940
225990
225997
226302
226480
226758
228469
229146
230135
231513
233335
236153
238287
244893
245172
245665
245984
246220
249712
250011
250186
251699
251839
253529
254542
254570
254715
255050
255248
255710
255833
256069
256328
256416
256484
257795
258922
259162
259354
260121
262203
263708
266424
272994
276084
276614
293455
293851
296586
302137
302411
302590
302724
310913