20
65
66
79
103
225
248
507
533
573
736
765
766
812
829
831
862
888
901
925
1022
1040
1118
1162
1179
1237
1313
1431
1520
1539
1545
1571
1595
1626
1632
1648
1655
1833
1843
1873
1886
1890
1891
1922
1943
1953
1963
1980
1985
2000
2060
2064
2097
2112
2126
2184
2311
2320
2370
2372
2398
2466
2519
2611
2658
2854
2898
2917
2956
3008
3398
3437
3461
3577
3626
3740
3895
3907
3932
3945
3977
4004
4209
4210
4283
4285
4461
4477
4587
4664
4712
4752
4772
4779
4794
4812
4825
4847
4892
4895
4948
4960
4961
5033
5477
5511
5528
5589
5606
5672
5779
5875
5914
6004
6040
6050
6163
6247
6249
6267
6310
6458
6469
6604
6612
6641
6669
6818
6837
6856
6891
7085
7197
7328
7415
7429
7585
7679
7784
7875
7925
8020
8026
8137
8162
8305
8416
8469
8637
8683
8725
8917
8997
9019
9089
9132
9160
9255
9319
9450
9528
9556
9667
9749
9797
9815
9875
9977
10062
10085
10207
10282
10348
10351
10415
10440
10488
10496
10538
10562
10584
10626
10628
10631
10689
10698
10882
10917
11239
11298
11334
11340
11379
11436
11451
11528
11562
11625
11631
11713
11857
11962
11979
12034
12110
12180
12346
12504
12515
12716
12874
12953
13087
13113
13115
13140
13240
13292
13320
13381
13401
13409
13437
13479
13509
13561
13595
13684
13688
13753
13822
13891
13969
14002
14090
14121
14132
14142
14180
14198
14209
14217
14266
14501
14542
14558
14568
14634
14640
14783
14952
14973
14996
15002
15038
15054
15205
15231
15263
15325
15336
15356
15422
15454
15636
15715
15747
15842
16109
16184
16233
16278
16343
16347
16359
16385
16534
16724
16772
16819
16917
16934
16937
16942
17035
17110
17156
17162
17270
17303
17680
17739
17809
17900
18076
18244
18276
18392
18398
18415
18458
18689
18773
18795
20872
21271
22795
22807
22894
22952
23004
23009
23132
23205
23211
23235
23246
23360
23396
23400
23513
23982
24109
24647
24821
24945
25135
25142
25441
28889
31254
31951
54165
77699
109826
122904
123329
123760
127293
139604
146321
148591
152377
155269
160522
187162
189517
189840
191317
191484
192825
198121
201518
208328
212351
219002
219004
224424
228469
229146
231513
233335
245172
251839
255050
255833
256069
259162
260121
272994
276084
276614
293455
293851
310913