7
8
19
20
29
36
86
96
110
117
129
186
216
217
236
242
247
253
258
289
296
307
334
364
404
412
454
467
475
487
500
505
514
534
577
611
631
639
670
678
682
698
699
705
745
748
749
773
777
779
786
807
819
821
822
827
831
833
836
854
907
922
948
991
1016
1019
1022
1034
1045
1063
1067
1069
1072
1074
1097
1101
1105
1106
1107
1122
1126
1135
1156
1160
1163
1171
1172
1179
1184
1199
1204
1241
1242
1264
1304
1334
1352
1372
1380
1418
1431
1441
1450
1455
1468
1507
1514
1519
1522
1530
1551
1569
1570
1579
1632
1729
1734
1738
1746
1750
1751
1754
1756
1761
1768
1778
1814
1815
1817
1829
1844
1845
1846
1853
1860
1872
1876
1889
1895
1897
1933
1940
1951
1959
1960
1963
2032
2044
2047
2055
2087
2090
2091
2092
2099
2100
2137
2143
2170
2183
2189
2220
2231
2251
2252
2253
2284
2287
2297
2316
2317
2339
2340
2357
2360
2372
2387
2409
2411
2432
2450
2465
2493
2498
2501
2543
2553
2570
2583
2600
2605
2607
2610
2646
2677
2683
2690
2691
2700
2708
2730
2735
2737
2744
2754
2758
2773
2782
2806
2810
2815
2820
2840
2845
2847
2876
2892
2895
2923
2942
2943
2973
2974
2975
2997
3013
3017
3022
3025
3035
3073
3081
3085
3097
3102
3124
3145
3149
3152
3178
3187
3190
3198
3228
3276
3286
3288
3295
3297
3309
3341
3342
3349
3354
3355
3371
3377
3379
3383
3387
3404
3426
3430
3432
3438
3441
3471
3485
3486
3547
3557
3561
3565
3589
3602
3651
3654
3664
3675
3690
3695
3697
3701
3708
3709
3720
3728
3738
3768
3771
3784
3793
3810
3831
3840
3858
3880
3889
3892
3901
3906
3941
3948
3964
3970
3991
4004
4016
4034
4039
4048
4056
4073
4085
4089
4101
4106
4120
4133
4142
4177
4178
4179
4191
4192
4204
4211
4226
4244
4249
4267
4268
4288
4314
4320
4330
4334
4351
4352
4363
4370
4406
4435
4438
4441
4462
4464
4475
4483
4494
4504
4509
4510
4518
4529
4551
4568
4606
4613
4621
4650
4680
4691
4701
4704
4711
4743
4748
4749
4758
4765
4774
4821
4843
4855
4857
4881
4885
4886
4889
4897
4910
4915
4922
4933
4936
4952
4966
4997
5012
5032
5060
5089
5091
5092
5093
5098
5117
5197
5199
5223
5240
5245
5246
5256
5275
5329
5335
5372
5386
5392
5430
5439
5450
5490
5522
5531
5551
5553
5576
5578
5588
5606
5616
5624
5634
5643
5649
5655
5661
5666
5671
5707
5718
5720
5728
5736
5744
5759
5760
5768
5773
5776
5778
5790
5795
5808
5813
5820
5821
5823
5829
5842
5899
5926
5955
5982
5994
6039
6043
6045
6085
6098
6106
6125
6135
6145
6159
6172
6186
6239
6251
6269
6271
6295
6298
6300
6333
6354
6378
6391
6418
6423
6427
6456
6464
6501
6507
6538
6546
6551
6552
6570
6587
6602
6613
6622
6641
6672
6692
6697
6707
6713
6714
6729
6757
6759
6780
6801
6802
6805
6837
6862
6872
6874
6894
6916
6923
6933
6942
6949
6957
6960
6972
6973
6974
6986
6989
7015
7019
7024
7029
7052
7074
7082
7090
7105
7119
7130
7150
7165
7166
7185
7197
7198
7215
7219
7233
7234
7238
7245
7253
7256
7257
7304
7340
7355
7356
7374
7379
7400
7416
7420
7422
7427
7428
7435
7456
7458
7472
7476
7490
7494
7499
7508
7514
7534
7544
7566
7574
7576
7614
7627
7630
7640
7656
7659
7666
7673
7674
7681
7701
7710
7736
7743
7746
7749
7770
7779
7808
7830
7831
7840
7864
7883
7887
7893
7901
7902
7914
7925
7952
7973
7981
8002
8012
8020
8035
8038
8084
8102
8107
8136
8166
8190
8199
8219
8226
8234
8239
8250
8261
8280
8292
8299
8307
8308
8342
8344
8353
8375
8379
8384
8392
8395
8401
8418
8422
8435
8437
8441
8457
8495
8500
8504
8506
8547
8553
8559
8580
8603
8645
8655
8671
8672
8682
8690
8699
8700
8739
8767
8770
8790
8795
8802
8807
8812
8830
8838
8847
8868
8871
8894
8899
8905
8908
8918
8938
8947
8951
8955
8959
9007
9019
9022
9028
9031
9037
9041
9046
9056
9085
9129
9143
9144
9159
9193
9214
9231
9235
9253
9254
9265
9295
9302
9326
9339
9346
9349
9363
9367
9390
9416
9480
9485
9486
9498
9542
9546
9548
9574
9603
9606
9616
9618
9621
9624
9632
9650
9657
9679
9687
9690
9704
9707
9715
9716
9727
9740
9767
9808
9819
9822
9825
9872
9901
9903
9925
9941
9949
9963
9968
9973
9982
10009
10033
10036
10061
10074
10092
10124
10133
10135
10164
10190
10214
10233
10241
10246
10270
10273
10275
10319
10328
10344
10370
10372
10393
10394
10405
10407
10416
10417
10418
10438
10494
10501
10503
10533
10535
10546
10549
10590
10593
10620
10646
10651
10657
10665
10687
10695
10720
10728
10736
10754
10762
10811
10823
10829
10832
10843
10848
10857
10861
10863
10878
10913
10918
10919
10926
10932
10949
10989
11012
11017
11028
11030
11049
11088
11092
11143
11157
11184
11190
11235
11276
11289
11309
11329
11338
11357
11364
11387
11401
11422
11448
11449
11457
11469
11472
11484
11492
11500
11509
11523
11534
11555
11560
11568
11570
11576
11585
11590
11615
11628
11630
11631
11645
11648
11668
11672
11694
11706
11716
11722
11732
11754
11758
11765
11767
11770
11781
11793
11801
11819
11831
11832
11838
11843
11846
11853
11862
11864
11873
11875
11891
11897
11912
11914
11921
11925
11964
11982
11988
12003
12009
12010
12067
12081
12180
12187
12218
12239
12243
12244
12249
12251
12257
12284
12287
12293
12294
12322
12347
12377
12382
12388
12413
12418
12419
12423
12424
12433
12438
12440
12449
12454
12479
12481
12485
12486
12520
12523
12531
12557
12574
12595
12599
12601
12612
12638
12639
12656
12664
12669
12676
12679
12697
12704
12710
12712
12717
12722
12742
12751
12754
12773
12776
12779
12796
12800
12811
12820
12830
12838
12847
12852
12857
12861
12863
12891
12894
12918
12929
12933
12941
12947
12960
12965
12977
13007
13008
13020
13068
13069
13072
13077
13134
13136
13138
13144
13148
13156
13165
13179
13219
13223
13241
13245
13292
13322
13331
13346
13384
13394
13442
13447
13450
13451
13452
13470
13481
13488
13508
13511
13523
13540
13541
13549
13574
13590
13616
13653
13664
13668
13684
13687
13689
13702
13713
13744
13755
13765
13792
13793
13801
13804
13822
13824
13831
13842
13843
13848
13859
13866
13880
13890
13927
13935
13958
13966
14032
14054
14085
14087
14091
14094
14099
14100
14101
14146
14167
14199
14206
14210
14239
14245
14246
14258
14279
14280
14295
14312
14318
14338
14357
14466
14531
14533
14547
14594
14602
14741
14752
14881
14993
15031
15035
15099
15112
15155
15164
15173
15195
15208
15211
15226
15246
15327
15329
15378
15415
15520
15528
15549
15604
15613
15619
15683
15712
15729
15739
15742
15872
15929
15959
15973
15982
15989
16025
16056
16161
16201
16215
16254
16263
16276
16290
16291
16334
16387
16418
16457
16475
16480
16508
16585
16638
16655
16672
16687
16709
16731
16736
16774
16807
16812
16828
16876
16917
16942
17176
17325
17361
17363
17401
17441
17466
17502
17503
17526
17531
17593
17606
17618
17658
17679
17688
17735
17770
17774
17804
17822
17857
18036
18162
18180
18231
18268
18272
18279
18293
18335
18368
18435
18439
18449
18451
18455
18493
18508
18546
18568
18581
18589
18616
18618
18665
18696
18699
18827
18930
19017
19020
19169
19190
19220
19551
19975
20643
21062
21592
21935
22027
22067
22202
22812
22825
22830
22832
22838
22845
22850
22895
22897
22912
22915
22956
23038
23078
23084
23090
23100
23116
23121
23148
23157
23160
23184
23191
23193
23197
23210
23213
23238
23248
23277
23287
23296
23326
23375
23391
23394
23404
23406
23421
23422
23477
23554
23563
23570
23571
23591
23602
23612
23662
23731
23752
23898
23926
23951
23956
24018
24051
24091
24092
24446
24648
24652
24688
24702
24726
24728
24737
24922
24973
25027
25288
25383
25469
25519
26149
26928
27304
27482
27939
28244
28292
30347
30530
30622
30982
31837
33736
35521
35864
36102
37680
38041
43072
44179
47479
50825
51680
51994
52045
52489
53731
54394
54701
56178
56941
57371
57694
57716
57752
57778
57952
58567
58619
58724
59042
61225
61290
61567
62307
63400
69267
69878
71473
71670
74479
75242
76436
82206
87666
88061
88267
95811
96374
96797
97567
99120
101871
102856
106731
108284
109942
110117
110737
111857
111990
117410
123083
123740
127481
127560
127830
128788
128961
136062
136501
137686
139369
142351
142360
142497
142645
142733
142877
142979
143030
143271
143340
144106
146311
146325
146549
146812
147899
148101
148111
148354
148386
148477
148605
149383
149649
153780
154872
156803
156883
157112
157479
157729
159169
160151
160235
161442
161797
161865
161879
162004
162196
162203
162249
162337
162399
162418
162527
162590
162650
162698
172843
175453
176016
176045
176287
176379
176962
188420
188717
189112
189576
189909
190249
190433
190890
191113
191237
191268
191275
191407
191415
191438
191734
191814
191884
192021
192059
192068
192087
192137
192138
192187
192196
192555
192994
193442
193952
194178
194436
194897
194974
196114
196189
198182
198225
198325
198347
198357
198460
199070
199097
199697
200285
200902
201691
201783
201834
203890
210356
212914
214998
217835
217852
217991
218049
218066
218140
218357
218862
218887
219154
219207
219272
219315
220583
221267
221611
222139
222858
223126
223412
223647
223688
223692
223906
223915
224012
224072
224233
224276
224820
224925
224934
224971
225002
225036
225037
225064
225141
225213
225233
225248
225343
225401
225550
225823
225918
226193
226328