1
7
8
10
14
19
20
23
24
28
29
36
45
59
81
86
88
89
92
96
99
100
110
117
129
131
141
150
151
152
171
181
182
184
186
196
198
202
208
210
216
217
232
236
242
246
247
253
258
274
275
280
289
296
304
307
329
334
340
344
346
355
362
364
366
377
378
387
394
404
409
411
412
422
423
432
436
437
438
449
450
454
459
467
474
475
478
479
487
500
505
514
522
534
550
554
555
557
562
564
566
567
570
574
577
579
580
583
585
588
590
596
609
611
613
614
616
628
630
631
632
635
639
641
653
654
670
674
678
682
684
694
698
699
705
717
731
735
745
748
749
756
758
759
773
777
779
784
786
791
807
813
819
821
822
826
827
831
833
834
835
836
842
854
860
863
864
867
869
880
884
885
907
922
929
933
948
953
955
963
974
977
980
981
991
995
1004
1005
1016
1019
1022
1023
1024
1031
1033
1034
1038
1042
1045
1046
1050
1056
1057
1063
1064
1067
1069
1072
1074
1081
1089
1097
1099
1101
1104
1105
1106
1107
1112
1113
1115
1120
1122
1126
1135
1136
1142
1143
1144
1149
1153
1154
1156
1158
1160
1163
1165
1168
1171
1172
1176
1179
1184
1188
1199
1204
1211
1215
1216
1221
1224
1226
1228
1239
1241
1242
1249
1260
1263
1264
1265
1267
1274
1288
1295
1300
1302
1304
1307
1311
1327
1334
1336
1344
1352
1357
1359
1365
1367
1368
1372
1375
1380
1386
1387
1388
1390
1392
1393
1397
1398
1406
1407
1415
1418
1419
1424
1428
1431
1434
1441
1446
1450
1455
1462
1465
1466
1468
1470
1477
1481
1484
1495
1497
1501
1507
1513
1514
1517
1518
1519
1522
1530
1534
1536
1540
1542
1544
1551
1563
1569
1570
1572
1579
1582
1583
1584
1591
1607
1612
1626
1632
1635
1651
1664
1685
1688
1702
1705
1707
1709
1714
1723
1724
1727
1729
1734
1738
1746
1748
1750
1751
1753
1754
1756
1761
1767
1768
1778
1782
1792
1798
1802
1807
1814
1815
1817
1824
1829
1833
1844
1845
1846
1853
1858
1860
1872
1876
1889
1893
1895
1897
1898
1901
1907
1909
1910
1913
1918
1926
1933
1934
1940
1943
1946
1951
1955
1956
1959
1960
1963
1971
1974
1976
1992
1994
1996
2004
2009
2010
2026
2030
2031
2032
2044
2047
2055
2059
2060
2065
2074
2075
2087
2088
2090
2091
2092
2099
2100
2104
2108
2109
2123
2127
2133
2135
2136
2137
2143
2144
2145
2155
2163
2168
2169
2170
2181
2183
2189
2201
2210
2215
2220
2230
2231
2238
2239
2241
2249
2251
2252
2253
2254
2256
2258
2260
2266
2269
2276
2279
2284
2287
2293
2297
2304
2306
2308
2316
2317
2322
2331
2334
2338
2339
2340
2342
2343
2344
2346
2349
2353
2355
2357
2359
2360
2364
2366
2368
2372
2376
2387
2395
2397
2401
2402
2409
2411
2432
2437
2438
2450
2465
2468
2471
2476
2477
2488
2493
2495
2496
2497
2498
2501
2503
2514
2515
2518
2524
2529
2532
2543
2553
2557
2565
2570
2576
2577
2580
2582
2583
2587
2600
2605
2606
2607
2610
2612
2619
2620
2627
2630
2633
2643
2646
2647
2656
2657
2671
2675
2677
2683
2688
2690
2691
2700
2701
2706
2708
2725
2728
2730
2733
2735
2736
2737
2739
2741
2744
2750
2752
2753
2754
2758
2759
2767
2773
2778
2780
2782
2783
2793
2806
2808
2809
2810
2811
2815
2820
2830
2837
2840
2841
2842
2843
2845
2847
2851
2859
2861
2866
2870
2871
2872
2876
2891
2892
2893
2895
2907
2923
2924
2935
2937
2942
2943
2944
2950
2954
2960
2962
2963
2971
2973
2974
2975
2979
2982
2983
2988
2992
2993
2996
2997
3013
3017
3019
3022
3024
3025
3035
3043
3050
3052
3054
3059
3060
3066
3073
3076
3079
3081
3082
3085
3097
3102
3106
3115
3116
3124
3130
3143
3145
3149
3152
3162
3168
3170
3178
3187
3189
3190
3196
3198
3200
3220
3228
3235
3239
3243
3244
3249
3266
3275
3276
3285
3286
3288
3295
3297
3298
3303
3309
3311
3321
3330
3337
3341
3342
3343
3346
3349
3354
3355
3356
3357
3362
3371
3375
3377
3378
3379
3383
3385
3387
3399
3404
3407
3421
3423
3426
3427
3429
3430
3431
3432
3438
3441
3442
3445
3446
3451
3453
3457
3460
3471
3473
3475
3476
3477
3483
3485
3486
3492
3496
3505
3507
3531
3534
3545
3547
3548
3557
3561
3565
3574
3584
3589
3593
3596
3597
3602
3605
3607
3608
3613
3617
3620
3621
3622
3625
3627
3642
3651
3652
3654
3659
3664
3666
3674
3675
3689
3690
3695
3696
3697
3701
3708
3709
3710
3714
3715
3720
3728
3734
3738
3753
3768
3771
3775
3779
3784
3787
3793
3795
3802
3810
3825
3829
3831
3833
3835
3840
3841
3844
3847
3853
3858
3863
3878
3880
3882
3886
3889
3891
3892
3897
3901
3905
3906
3917
3922
3925
3932
3941
3948
3954
3964
3970
3973
3976
3979
3983
3991
4004
4005
4015
4016
4029
4033
4034
4039
4048
4050
4056
4057
4073
4074
4077
4085
4089
4092
4099
4101
4104
4106
4115
4119
4120
4121
4123
4133
4135
4140
4142
4148
4159
4166
4171
4174
4175
4177
4178
4179
4184
4191
4192
4194
4196
4200
4204
4211
4212
4219
4226
4229
4239
4244
4245
4249
4254
4263
4265
4266
4267
4268
4277
4278
4288
4292
4293
4300
4303
4314
4316
4320
4326
4330
4331
4334
4339
4343
4346
4348
4351
4352
4363
4370
4382
4398
4402
4406
4409
4415
4429
4432
4435
4437
4438
4441
4452
4454
4455
4462
4464
4475
4483
4487
4492
4494
4501
4504
4507
4509
4510
4513
4514
4516
4517
4518
4527
4528
4529
4533
4538
4540
4547
4551
4568
4572
4584
4593
4594
4600
4605
4606
4613
4618
4621
4632
4633
4642
4650
4653
4662
4674
4679
4680
4681
4689
4691
4701
4704
4711
4712
4717
4722
4730
4743
4748
4749
4758
4765
4774
4777
4778
4786
4791
4806
4810
4817
4821
4831
4843
4844
4849
4852
4855
4857
4867
4881
4885
4886
4889
4897
4902
4908
4910
4915
4922
4924
4933
4936
4952
4966
4974
4976
4981
4983
4984
4986
4988
4990
4997
5001
5006
5012
5016
5029
5032
5040
5057
5060
5065
5067
5074
5089
5090
5091
5092
5093
5094
5096
5098
5108
5113
5117
5134
5141
5146
5151
5161
5165
5170
5194
5195
5197
5198
5199
5201
5218
5223
5240
5245
5246
5247
5249
5251
5256
5275
5278
5290
5296
5301
5302
5314
5320
5324
5327
5329
5335
5337
5344
5346
5372
5376
5377
5380
5386
5392
5393
5396
5406
5409
5411
5412
5416
5430
5434
5439
5440
5441
5442
5443
5450
5453
5459
5461
5469
5470
5472
5487
5489
5490
5501
5506
5508
5514
5516
5520
5522
5531
5533
5551
5552
5553
5572
5573
5575
5576
5578
5588
5599
5605
5606
5610
5616
5617
5624
5633
5634
5637
5642
5643
5646
5649
5651
5655
5656
5661
5664
5666
5669
5671
5678
5681
5698
5707
5718
5720
5728
5732
5736
5740
5744
5747
5754
5756
5759
5760
5768
5773
5776
5778
5781
5783
5790
5795
5798
5807
5808
5813
5815
5820
5821
5823
5827
5829
5842
5847
5866
5872
5880
5891
5899
5904
5926
5930
5936
5941
5954
5955
5956
5958
5959
5965
5982
5986
5988
5994
5997
6004
6026
6030
6039
6043
6044
6045
6050
6065
6076
6078
6080
6085
6098
6106
6111
6113
6114
6125
6134
6135
6140
6145
6148
6154
6156
6159
6161
6166
6172
6186
6195
6239
6251
6269
6271
6272
6282
6295
6298
6300
6311
6315
6329
6330
6333
6342
6354
6367
6378
6391
6396
6418
6423
6427
6455
6456
6461
6464
6501
6504
6507
6508
6509
6513
6534
6538
6544
6546
6547
6550
6551
6552
6560
6570
6572
6582
6584
6587
6592
6601
6602
6613
6614
6615
6619
6621
6622
6637
6639
6641
6648
6663
6671
6672
6674
6675
6677
6680
6692
6697
6701
6707
6713
6714
6720
6722
6729
6742
6746
6756
6757
6759
6766
6771
6779
6780
6783
6790
6800
6801
6802
6805
6813
6815
6826
6837
6860
6862
6872
6874
6880
6894
6904
6909
6916
6923
6933
6942
6947
6949
6950
6957
6960
6968
6972
6973
6974
6986
6989
7007
7015
7019
7020
7024
7028
7029
7038
7043
7044
7048
7052
7074
7082
7089
7090
7099
7105
7109
7113
7118
7119
7127
7130
7132
7135
7137
7150
7162
7165
7166
7185
7186
7196
7197
7198
7199
7215
7219
7224
7233
7234
7236
7238
7245
7253
7255
7256
7257
7278
7280
7284
7295
7304
7306
7323
7327
7339
7340
7353
7355
7356
7373
7374
7379
7380
7387
7388
7389
7395
7399
7400
7410
7416
7419
7420
7422
7424
7427
7428
7435
7442
7443
7444
7446
7456
7458
7470
7471
7472
7476
7490
7494
7499
7508
7514
7517
7527
7534
7544
7566
7574
7576
7581
7591
7604
7614
7625
7627
7630
7640
7650
7656
7659
7662
7666
7667
7673
7674
7681
7686
7690
7695
7700
7701
7704
7710
7720
7726
7727
7731
7736
7743
7746
7749
7761
7762
7765
7770
7778
7779
7791
7795
7808
7817
7828
7830
7831
7840
7845
7864
7866
7883
7887
7893
7900
7901
7902
7908
7914
7925
7930
7952
7973
7981
8002
8012
8019
8020
8022
8027
8029
8035
8038
8043
8074
8083
8084
8102
8107
8108
8127
8133
8136
8137
8149
8166
8190
8198
8199
8207
8209
8214
8219
8226
8231
8234
8237
8239
8250
8252
8261
8264
8265
8280
8289
8291
8292
8296
8299
8307
8308
8326
8339
8342
8344
8346
8353
8375
8379
8384
8392
8395
8401
8418
8419
8422
8434
8435
8437
8439
8441
8443
8447
8457
8459
8462
8475
8482
8485
8489
8494
8495
8500
8504
8506
8527
8531
8532
8547
8549
8553
8559
8566
8567
8580
8593
8603
8645
8654
8655
8671
8672
8682
8690
8699
8700
8714
8732
8734
8735
8739
8749
8767
8769
8770
8782
8790
8795
8802
8807
8809
8812
8815
8827
8830
8838
8847
8868
8870
8871
8881
8894
8899
8905
8908
8917
8918
8924
8938
8947
8951
8955
8959
8967
8972
8977
9007
9019
9022
9028
9031
9035
9036
9037
9041
9046
9049
9056
9062
9072
9085
9102
9129
9143
9144
9159
9161
9171
9173
9193
9207
9214
9219
9224
9231
9235
9249
9253
9254
9261
9263
9265
9291
9295
9302
9311
9317
9321
9326
9339
9342
9346
9349
9363
9367
9375
9376
9385
9389
9390
9393
9416
9480
9485
9486
9493
9495
9498
9510
9522
9523
9525
9537
9541
9542
9546
9548
9566
9574
9579
9597
9603
9605
9606
9607
9611
9616
9618
9619
9621
9624
9628
9632
9633
9640
9643
9650
9652
9657
9679
9687
9690
9691
9704
9707
9712
9715
9716
9721
9727
9728
9737
9740
9742
9747
9765
9767
9768
9771
9773
9795
9802
9804
9805
9808
9814
9819
9821
9822
9825
9839
9841
9867
9872
9880
9887
9891
9900
9901
9903
9920
9921
9924
9925
9931
9932
9934
9941
9945
9949
9963
9968
9973
9980
9982
9988
9995
10009
10016
10018
10033
10036
10040
10047
10061
10063
10074
10082
10084
10088
10091
10092
10094
10095
10108
10124
10133
10135
10148
10150
10164
10172
10182
10190
10210
10214
10223
10224
10232
10233
10241
10246
10251
10254
10262
10270
10273
10275
10280
10316
10319
10328
10329
10341
10343
10344
10347
10349
10352
10356
10370
10372
10374
10384
10391
10393
10394
10402
10405
10407
10416
10417
10418
10438
10447
10449
10465
10470
10478
10494
10501
10502
10503
10533
10535
10538
10546
10549
10567
10571
10576
10588
10590
10593
10600
10606
10610
10619
10620
10643
10646
10651
10657
10665
10687
10690
10695
10720
10728
10736
10753
10754
10762
10765
10773
10792
10811
10823
10826
10829
10832
10836
10843
10845
10848
10852
10857
10861
10863
10878
10894
10895
10913
10914
10918
10919
10926
10932
10939
10949
10967
10974
10989
11012
11017
11028
11030
11036
11038
11049
11050
11065
11088
11092
11095
11115
11143
11157
11164
11182
11184
11190
11235
11245
11248
11276
11277
11289
11309
11329
11338
11357
11364
11387
11388
11401
11407
11418
11422
11439
11448
11449
11457
11460
11469
11470
11472
11482
11484
11492
11500
11509
11512
11523
11534
11555
11560
11562
11564
11568
11570
11576
11585
11590
11595
11604
11615
11628
11630
11631
11637
11638
11645
11648
11668
11672
11694
11706
11710
11716
11718
11722
11732
11733
11753
11754
11758
11764
11765
11767
11770
11781
11789
11793
11795
11801
11819
11826
11828
11831
11832
11838
11843
11846
11853
11858
11862
11864
11870
11873
11875
11891
11896
11897
11901
11908
11912
11914
11917
11921
11925
11927
11958
11963
11964
11980
11982
11988
11995
11999
12003
12009
12010
12048
12067
12076
12081
12096
12108
12109
12110
12114
12116
12148
12151
12155
12164
12169
12180
12187
12193
12218
12225
12226
12239
12243
12244
12249
12251
12257
12284
12287
12293
12294
12296
12318
12322
12325
12328
12329
12346
12347
12357
12377
12382
12388
12405
12408
12413
12418
12419
12423
12424
12431
12433
12438
12440
12444
12449
12454
12469
12470
12479
12481
12485
12486
12489
12492
12509
12520
12523
12531
12557
12574
12575
12580
12595
12599
12601
12603
12606
12612
12618
12638
12639
12656
12664
12669
12676
12677
12679
12690
12697
12699
12704
12710
12712
12717
12722
12742
12747
12751
12754
12773
12776
12779
12796
12800
12811
12816
12820
12822
12830
12838
12843
12847
12852
12857
12861
12863
12891
12894
12918
12925
12928
12929
12933
12936
12941
12946
12947
12960
12965
12972
12977
13007
13008
13020
13024
13054
13065
13068
13069
13070
13072
13077
13093
13105
13130
13134
13136
13138
13144
13148
13156
13165
13170
13179
13184
13193
13205
13207
13219
13220
13223
13241
13245
13255
13292
13293
13322
13323
13331
13337
13338
13341
13346
13372
13378
13384
13394
13442
13446
13447
13450
13451
13452
13466
13469
13470
13471
13481
13488
13497
13508
13511
13523
13524
13531
13540
13541
13549
13574
13580
13590
13616
13625
13635
13645
13653
13663
13664
13666
13668
13669
13684
13687
13689
13699
13702
13713
13739
13744
13748
13755
13761
13765
13769
13792
13793
13801
13802
13804
13819
13822
13824
13831
13842
13843
13844
13848
13859
13862
13866
13880
13890
13898
13904
13927
13935
13943
13958
13960
13966
13995
14008
14032
14054
14068
14085
14087
14091
14094
14099
14100
14101
14107
14146
14158
14161
14163
14167
14171
14199
14206
14210
14214
14216
14239
14245
14246
14258
14279
14280
14295
14312
14318
14338
14357
14399
14466
14531
14533
14536
14545
14547
14594
14602
14625
14640
14741
14752
14881
14955
14981
14993
15031
15035
15099
15112
15155
15164
15173
15195
15208
15211
15226
15246
15327
15329
15378
15415
15487
15520
15528
15549
15604
15613
15619
15683
15712
15729
15737
15739
15742
15853
15872
15918
15929
15959
15973
15982
15989
16025
16056
16132
16161
16201
16207
16215
16254
16263
16276
16290
16291
16334
16387
16418
16430
16449
16457
16475
16480
16508
16585
16638
16655
16672
16674
16687
16709
16731
16736
16774
16802
16807
16812
16828
16876
16917
16921
16942
17146
17176
17208
17325
17361
17363
17401
17412
17441
17461
17466
17502
17503
17526
17531
17593
17606
17618
17646
17658
17679
17688
17735
17770
17774
17804
17819
17822
17857
17975
18036
18162
18177
18180
18189
18231
18268
18272
18279
18293
18335
18368
18422
18435
18439
18449
18451
18455
18493
18508
18524
18546
18568
18581
18584
18589
18616
18618
18641
18665
18696
18699
18827
18930
19017
19020
19169
19190
19220
19551
19975
20643
21062
21592
21935
22027
22067
22202
22812
22825
22830
22832
22838
22840
22845
22850
22895
22897
22912
22915
22956
22978
23038
23078
23084
23090
23100
23116
23121
23148
23157
23159
23160
23184
23191
23193
23197
23210
23213
23226
23238
23248
23277
23287
23296
23326
23375
23391
23394
23404
23406
23421
23422
23477
23554
23563
23570
23571
23591
23602
23612
23662
23731
23752
23898
23926
23928
23951
23956
24018
24051
24091
24092
24446
24626
24648
24652
24688
24702
24726
24728
24737
24922
24973
25027
25288
25351
25383
25469
25519
26149
26928
27304
27482
27939
28244
28292
30347
30530
30622
30982
31837
33736
35521
35864
36102
37368
37680
38041
43072
44179
47479
48420
50158
50825
51680
51994
52045
52489
53731
54394
54589
54701
55462
56178
56941
57341
57354
57371
57694
57716
57752
57778
57952
58567
58619
58724
59042
61225
61290
61567
62307
63400
69267
69878
71473
71670
74479
75242
76436
82206
85487
86824
87666
88061
88267
95811
96305
96374
96797
97567
99120
100606
101871
102856
106731
108284
109107
109942
110117
110737
111857
111990
117410
123083
123740
127481
127560
127830
128788
128961
136062
136234
136450
136501
137686
139354
139369
142351
142360
142497
142645
142733
142877
142979
143030
143271
143340
144106
144484
144767
146311
146325
146549
146812
147297
147899
148101
148111
148354
148386
148476
148477
148605
148752
149383
149636
149649
153780
154872
156803
156883
156893
156989
157112
157479
157729
159169
160151
160235
161384
161442
161797
161865
161879
162004
162196
162203
162249
162337
162386
162399
162418
162527
162590
162650
162698
172843
175453
176016
176034
176045
176287
176379
176962
188351
188420
188717
189112
189576
189909
190214
190249
190433
190890
191113
191237
191268
191275
191281
191306
191407
191415
191438
191734
191814
191884
192021
192059
192068
192087
192110
192137
192138
192187
192196
192555
192994
193442
193952
194178
194436
194897
194974
196114
196189
198182
198225
198325
198347
198357
198460
199070
199097
199697
200285
200902
201691
201783
201834
203890
210356
212914
214998
217835
217852
217991
218049
218066
218140
218357
218862
218887
219154
219207
219272
219315
220583
221267
221611
222139
222858
223126
223412
223647
223688
223692
223906
223915
224012
224072
224233
224276
224820
224925
224934
224971
225002
225036
225037
225064
225141
225213
225233
225248
225343
225401
225550
225823
225918
226193
226328