CHR1	POS1
1	114
10	60
14	26
23	33
24	47
28	19
29	10
36	31
38	72
69	57
87	14
89	146
93	21
99	145
106	18
107	18
110	64
115	150
129	146
134	21
136	27
142	111
150	127
152	11
154	131
173	48
183	31
190	54
193	108
195	107
196	57
204	31
205	50
209	146
210	102
234	85
237	78
251	22
254	141
257	40
259	32
260	67
270	67
271	39
290	30
291	94
304	27
310	146
324	44
328	32
330	144
337	118
346	69
362	29
364	112
366	46
368	145
377	19
378	27
387	83
392	38
394	86
395	99
397	8
399	86
400	101
404	118
407	145
409	79
410	84
411	34
413	145
422	10
423	38
424	144
430	130
432	8
436	14
437	122
438	35
449	83
459	77
463	57
465	27
473	12
474	102
475	121
478	32
479	25
487	137
493	115
494	36
495	144
496	145
497	146
505	59
506	12
512	7
514	25
516	39
521	7
522	31
525	116
526	145
527	111
529	146
530	14
550	93
552	18
555	57
557	89
559	66
560	140
562	14
564	31
567	40
571	89
574	123
580	8
582	109
583	35
584	117
585	6
588	29
592	95
594	146
596	120
597	87
603	74
605	63
609	8
614	9
616	7
628	109
630	31
631	19
632	20
635	13
638	144
641	50
643	145
653	14
654	37
656	17
661	91
663	66
672	146
673	75
674	28
678	23
680	145
682	71
684	34
692	27
694	6
697	40
711	103
717	146
726	76
733	145
735	20
748	22
751	145
758	18
759	108
773	42
775	32
779	144
780	145
783	15
784	145
785	31
793	8
796	91
801	126
813	16
815	15
819	9
821	178
822	146
823	37
824	11
826	145
833	23
834	8
835	16
836	125
837	145
842	63
854	27
864	115
867	6
869	87
870	127
879	36
884	63
907	57
916	33
918	65
921	39
922	25
923	146
924	77
929	11
930	109
932	112
949	37
950	145
953	136
955	76
959	12
963	13
977	146
980	9
981	97
986	30
1004	53
1016	55
1023	125
1024	38
1030	7
1031	16
1032	6
1033	103
1034	130
1038	139
1042	43
1046	13
1049	144
1050	145
1054	144
1056	25
1067	8
1069	30
1074	76
1081	98
1089	80
1098	37
1099	47
1100	146
1104	14
1106	144
1107	51
1112	96
1113	64
1114	17
1115	16
1120	9
1122	60
1135	71
1136	130
1138	74
1147	144
1149	115
1150	8
1158	118
1163	41
1165	13
1168	128
1170	144
1173	154
1178	75
1183	99
1184	145
1188	59
1192	69
1199	22
1205	108
1211	141
1215	54
1223	9
1224	43
1226	144
1228	73
1239	63
1242	9
1249	64
1257	93
1258	106
1260	18
1263	73
1264	37
1267	35
1268	145
1274	23
1280	17
1288	117
1295	99
1300	90
1302	35
1309	132
1311	8
1317	82
1320	12
1327	28
1333	145
1336	55
1344	59
1352	9
1357	171
1359	112
1361	145
1365	63
1367	52
1369	145
1379	146
1382	72
1385	144
1386	77
1387	61
1388	17
1390	8
1393	112
1397	21
1398	10
1401	144
1406	107
1407	9
1409	145
1414	116
1415	124
1424	18
1428	18
1434	42
1446	40
1447	126
1448	13
1453	145
1454	145
1455	85
1459	145
1461	61
1464	18
1473	30
1478	108
1479	146
1480	48
1484	30
1489	17
1492	29
1497	127
1499	145
1501	19
1504	53
1506	97
1508	80
1510	117
1517	66
1527	114
1531	8
1534	144
1536	128
1542	141
1544	41
1546	145
1548	126
1553	12
1554	145
1555	13
1558	49
1562	11
1569	96
1572	145
1573	144
1576	96
1578	145
1581	36
1589	23
1591	72
1597	90
1601	40
1608	104
1609	32
1613	122
1621	145
1622	66
1627	132
1635	67
1645	13
1647	47
1657	82
1668	55
1677	18
1683	29
1684	103
1687	38
1696	61
1704	49
1707	145
1709	71
1711	45
1713	26
1714	145
1725	40
1727	91
1738	145
1739	80
1744	30
1747	60
1748	55
1756	21
1774	81
1776	117
1777	70
1790	118
1794	80
1797	95
1801	97
1808	145
1809	101
1811	38
1812	97
1822	115
1824	107
1832	145
1838	149
1839	93
1844	134
1849	35
1851	17
1854	146
1863	83
1864	144
1869	95
1872	147
1875	116
1880	55
1881	17
1889	147
1903	141
1910	63
1912	111
1913	104
1914	80
1918	92
1919	87
1923	16
1927	90
1932	19
1936	54
1941	145
1947	32
1950	8
1956	109
1959	38
1960	61
1984	120
1989	86
1990	145
1993	76
1997	82
2001	53
2003	145
2009	50
2014	53
2017	48
2018	28
2019	10
2025	145
2029	134
2033	32
2034	115
2036	67
2044	84
2045	144
2050	146
2059	14
2061	38
2065	145
2070	144
2075	105
2077	63
2079	123
2080	142
2085	92
2087	38
2091	88
2101	145
2104	59
2105	125
2109	67
2116	89
2117	117
2127	96
2139	21
2143	145
2144	101
2159	115
2179	146
2186	145
2190	92
2201	43
2203	114
2213	22
2214	105
2215	124
2223	145
2225	146
2228	7
2229	26
2235	145
2237	90
2242	145
2244	148
2256	143
2261	19
2266	145
2281	109
2288	33
2290	112
2291	34
2295	145
2296	145
2298	146
2305	144
2309	12
2310	146
2322	25
2326	133
2333	56
2346	148
2351	145
2352	72
2353	19
2359	118
2363	79
2376	16
2384	12
2391	10
2392	146
2393	69
2407	75
2409	27
2415	146
2417	81
2418	10
2426	148
2427	98
2431	111
2433	144
2435	114
2436	125
2455	102
2483	23
2487	92
2490	96
2494	14
2497	145
2504	80
2509	91
2510	25
2522	146
2527	41
2528	104
2535	130
2537	62
2543	88
2549	146
2552	112
2562	24
2564	20
2565	62
2567	83
2579	40
2584	132
2590	16
2608	40
2613	144
2614	66
2620	14
2625	10
2628	139
2637	145
2641	59
2643	6
2650	146
2651	10
2653	40
2654	62
2656	13
2659	84
2665	145
2668	94
2672	43
2676	38
2688	100
2691	44
2693	144
2697	17
2703	59
2718	147
2720	71
2722	110
2726	107
2727	6
2729	145
2730	111
2732	100
2733	126
2734	30
2738	11
2742	101
2747	75
2750	25
2751	118
2753	146
2755	15
2757	20
2764	96
2770	27
2777	35
2780	29
2784	36
2788	84
2799	146
2801	12
2805	61
2806	86
2812	128
2817	104
2822	144
2823	43
2827	63
2829	145
2832	117
2834	18
2837	12
2842	65
2846	93
2848	26
2858	15
2859	145
2862	61
2863	36
2864	145
2873	145
2888	43
2889	6
2891	41
2902	35
2904	8
2907	42
2920	6
2921	10
2929	145
2930	32
2934	79
2935	146
2939	146
2940	145
2941	9
2947	46
2949	146
2951	113
2957	7
2960	23
2971	76
2977	51
2979	64
2980	40
2985	32
2986	144
2989	104
2990	88
2994	8
3002	112
3004	145
3016	136
3017	37
3019	87
3021	16
3033	42
3035	48
3044	108
3047	26
3049	146
3051	19
3056	78
3057	21
3061	145
3063	152
3068	107
3070	133
3073	15
3075	100
3076	35
3078	116
3079	46
3080	146
3085	145
3097	86
3100	89
3107	52
3110	97
3112	23
3113	117
3114	97
3119	25
3121	15
3127	123
3140	15
3142	12
3144	26
3146	145
3147	128
3149	145
3151	89
3159	123
3161	162
3167	71
3186	55
3187	26
3190	83
3192	14
3193	148
3195	8
3196	86
3198	147
3216	42
3217	14
3218	77
3220	110
3225	86
3228	51
3232	9
3236	19
3239	144
3240	32
3242	36
3246	104
3251	132
3252	61
3255	18
3259	14
3263	26
3272	134
3282	42
3285	25
3290	155
3291	127
3292	146
3295	18
3300	63
3308	40
3310	147
3318	145
3319	146
3327	89
3334	19
3337	24
3340	19
3343	30
3351	83
3352	85
3353	6
3354	34
3356	145
3358	15
3365	46
3368	122
3372	16
3375	7
3380	20
3382	144
3384	58
3392	117
3396	34
3397	145
3399	8
3401	34
3406	14
3408	19
3410	145
3411	145
3415	105
3418	23
3420	16
3423	113
3424	8
3426	9
3438	65
3439	46
3443	72
3447	93
3448	134
3452	98
3454	146
3456	146
3458	66
3460	92
3470	71
3472	110
3474	27
3476	146
3478	105
3480	96
3481	145
3482	145
3483	145
3486	36
3490	146
3492	119
3493	64
3495	100
3502	23
3504	159
3505	53
3509	132
3510	145
3528	133
3531	43
3535	89
3540	104
3543	114
3547	144
3554	58
3556	125
3558	10
3565	146
3566	47
3567	147
3571	15
3578	101
3586	8
3589	62
3591	20
3593	62
3599	145
3602	118
3604	62
3610	99
3617	95
3618	14
3619	19
3624	115
3632	144
3636	146
3639	78
3644	145
3648	144
3649	62
3650	125
3652	57
3653	123
3656	10
3661	140
3662	114
3663	66
3671	68
3672	34
3676	18
3679	83
3686	146
3687	145
3689	99
3691	145
3692	99
3693	51
3700	145
3701	49
3707	19
3711	12
3717	63
3720	6
3731	33
3737	30
3744	32
3747	145
3750	124
3751	57
3753	61
3758	145
3765	59
3767	100
3768	61
3770	28
3772	49
3777	71
3784	23
3786	90
3788	89
3792	56
3799	55
3814	60
3815	85
3816	86
3820	79
3826	13
3829	36
3831	15
3840	129
3844	53
3850	20
3855	123
3856	129
3871	122
3872	145
3877	6
3888	15
3890	101
3894	8
3897	16
3903	144
3905	64
3910	20
3920	112
3924	13
3925	145
3927	21
3933	96
3946	41
3949	43
3959	146
3962	144
3966	97
3970	58
3973	38
3976	145
3981	106
3982	33
3988	12
3989	22
3992	6
3993	130
4001	126
4003	28
4006	127
4008	146
4013	105
4021	78
4026	144
4031	43
4036	21
4037	61
4039	89
4047	145
4050	146
4054	38
4059	145
4061	145
4064	45
4075	86
4077	10
4081	95
4082	7
4085	88
4087	17
4092	141
4103	34
4107	54
4110	113
4114	144
4117	9
4120	67
4126	70
4127	145
4128	146
4135	16
4137	8
4139	54
4143	83
4145	101
4146	145
4150	129
4154	52
4160	59
4162	85
4169	87
4174	35
4175	19
4181	12
4182	145
4197	20
4198	145
4205	90
4207	108
4208	97
4211	145
4220	8
4221	44
4223	144
4228	10
4232	145
4238	178
4239	32
4243	141
4251	145
4252	133
4255	122
4260	127
4262	34
4264	78
4274	21
4275	48
4293	126
4299	145
4319	14
4320	103
4321	140
4324	39
4329	89
4330	82
4332	32
4337	100
4339	15
4340	69
4342	41
4355	111
4358	103
4371	35
4384	142
4387	145
4398	89
4401	44
4410	11
4412	81
4416	126
4421	34
4438	28
4444	25
4450	146
4458	82
4459	47
4460	52
4471	145
4493	8
4494	112
4495	47
4498	94
4499	145
4514	145
4521	30
4523	133
4524	126
4525	42
4532	47
4554	28
4560	19
4566	50
4567	110
4574	54
4588	145
4592	51
4605	71
4610	19
4612	93
4615	45
4620	46
4622	7
4625	20
4628	23
4629	126
4631	36
4633	144
4635	145
4636	11
4638	146
4643	80
4648	147
4651	24
4663	138
4667	88
4673	145
4676	90
4677	89
4680	85
4682	7
4689	24
4691	88
4693	145
4695	116
4698	30
4700	25
4701	53
4704	31
4716	146
4720	45
4726	40
4730	96
4731	23
4738	51
4751	145
4754	22
4757	64
4759	146
4762	87
4780	91
4783	147
4784	146
4785	73
4786	72
4790	39
4791	102
4800	57
4804	14
4806	58
4807	8
4819	145
4821	28
4824	91
4827	83
4828	8
4829	145
4830	37
4832	146
4843	146
4845	104
4848	12
4853	58
4857	12
4858	7
4864	84
4880	108
4882	101
4884	56
4900	144
4911	36
4912	111
4928	55
4932	93
4936	113
4938	43
4939	8
4951	57
4952	79
4958	85
4964	80
4973	78
4980	145
4984	11
4988	118
4996	146
4997	72
4998	145
5015	65
5020	80
5025	128
5026	82
5034	10
5040	106
5046	145
5048	92
5064	55
5070	96
5073	90
5074	148
5079	53
5087	33
5090	74
5092	17
5093	41
5097	120
5111	145
5129	145
5140	161
5145	20
5148	111
5150	128
5152	96
5156	47
5157	55
5160	7
5163	92
5164	48
5169	113
5175	149
5182	93
5193	106
5194	31
5197	84
5200	55
5202	96
5211	14
5212	145
5217	70
5220	146
5222	92
5226	59
5227	145
5230	144
5238	28
5239	87
5244	121
5245	9
5248	72
5250	6
5255	101
5277	145
5282	12
5289	126
5291	49
5292	85
5300	144
5301	145
5303	145
5313	29
5319	79
5323	101
5324	28
5336	122
5341	74
5343	50
5350	122
5360	156
5375	21
5376	83
5379	15
5384	125
5392	144
5395	30
5396	102
5405	30
5406	116
5408	98
5410	17
5411	137
5413	93
5414	146
5417	146
5429	87
5433	63
5434	146
5440	27
5449	51
5452	29
5468	50
5471	17
5486	68
5488	6
5489	8
5490	136
5492	14
5496	146
5500	104
5502	145
5503	31
5504	99
5505	39
5512	21
5513	23
5515	44
5519	128
5536	47
5537	60
5543	35
5550	22
5551	73
5552	147
5557	110
5559	8
5562	23
5569	100
5572	43
5573	12
5574	31
5583	126
5587	61
5592	145
5596	91
5602	60
5604	92
5609	113
5611	146
5615	63
5618	11
5619	86
5623	10
5632	46
5636	85
5640	146
5643	99
5644	145
5651	72
5654	13
5655	9
5661	109
5663	110
5673	132
5675	145
5676	87
5677	59
5680	144
5689	99
5690	15
5697	110
5700	85
5707	74
5710	146
5712	51
5717	124
5720	144
5739	116
5740	10
5742	145
5752	43
5753	44
5755	8
5760	147
5768	127
5772	7
5774	98
5780	17
5782	88
5791	10
5794	146
5800	79
5806	126
5808	6
5813	145
5814	44
5816	39
5819	146
5822	80
5823	13
5826	9
5828	39
5831	144
5833	145
5835	15
5838	41
5839	26
5841	55
5845	92
5865	145
5868	96
5877	116
5879	103
5881	114
5890	91
5892	15
5900	31
5903	23
5908	113
5912	104
5925	39
5926	146
5939	9
5945	145
5954	124
5955	37
5959	145
5964	18
5966	20
5972	144
5981	145
5986	44
5998	27
6000	146
6003	44
6014	28
6017	41
6018	145
6024	153
6025	12
6029	32
6033	145
6034	144
6038	21
6042	144
6044	14
6049	101
6057	23
6060	144
6064	44
6068	128
6073	54
6074	80
6077	129
6084	147
6087	106
6089	48
6096	18
6098	112
6104	43
6105	145
6110	64
6112	10
6113	19
6122	88
6124	90
6128	33
6134	145
6144	15
6148	41
6150	96
6156	126
6158	18
6159	14
6160	14
6165	87
6190	146
6191	95
6192	69
6194	8
6197	73
6202	108
6204	144
6206	49
6210	145
6215	7
6219	145
6221	25
6222	21
6231	25
6237	8
6238	98
6239	144
6244	149
6246	8
6251	55
6252	144
6260	110
6271	145
6272	52
6275	145
6287	143
6291	110
6293	102
6303	145
6304	22
6312	33
6318	71
6321	81
6322	47
6325	114
6327	53
6335	140
6340	81
6347	38
6351	111
6353	12
6356	125
6360	48
6362	96
6367	39
6373	11
6381	146
6384	46
6387	64
6388	124
6389	40
6390	49
6391	119
6404	117
6405	22
6406	139
6408	108
6409	114
6416	40
6434	144
6440	146
6450	41
6451	54
6459	17
6466	125
6472	48
6473	44
6474	22
6475	57
6478	145
6492	14
6495	145
6509	14
6513	82
6514	109
6515	132
6517	146
6518	24
6519	50
6520	96
6523	145
6524	108
6528	14
6533	75
6536	145
6538	81
6540	81
6548	47
6552	92
6553	64
6554	131
6555	28
6556	146
6561	8
6570	107
6571	112
6573	90
6574	145
6575	32
6587	146
6592	116
6597	145
6598	21
6606	146
6630	144
6632	79
6634	114
6643	139
6646	33
6647	39
6650	146
6651	60
6653	94
6654	48
6655	144
6657	24
6659	26
6660	102
6662	56
6665	139
6666	95
6677	38
6680	114
6682	61
6685	106
6689	47
6692	92
6693	90
6696	114
6701	6
6702	60
6708	9
6709	148
6712	17
6716	84
6720	65
6725	115
6729	22
6730	10
6732	59
6733	106
6736	19
6749	81
6755	146
6762	144
6766	48
6769	43
6776	86
6782	88
6790	117
6806	59
6815	18
6821	59
6822	109
6825	89
6832	45
6833	43
6834	17
6836	19
6843	89
6847	10
6848	92
6849	146
6851	100
6853	130
6869	145
6876	144
6885	78
6886	117
6894	146
6898	55
6907	104
6911	88
6912	27
6913	37
6914	45
6915	109
6921	145
6924	145
6925	144
6934	50
6938	26
6951	45
6953	91
6955	116
6965	146
6966	98
6971	131
6974	145
6980	145
6989	14
6997	144
7018	81
7021	18
7024	27
7026	101
7027	135
7032	17
7034	147
7035	107
7039	55
7044	26
7050	145
7056	80
7060	24
7062	31
7071	145
7075	36
7076	85
7081	148
7084	22
7090	45
7094	9
7097	132
7099	17
7111	125
7113	146
7120	38
7127	100
7135	61
7145	56
7146	145
7152	50
7166	142
7170	86
7172	31
7179	9
7180	10
7182	45
7191	9
7204	123
7220	87
7222	146
7225	115
7228	30
7230	6
7236	128
7238	26
7248	12
7251	82
7265	49
7266	13
7273	30
7281	65
7283	12
7284	146
7287	124
7289	105
7291	89
7293	129
7296	9
7297	25
7299	13
7301	49
7303	47
7304	105
7321	144
7325	146
7332	144
7339	145
7354	146
7362	125
7364	121
7366	27
7374	102
7378	146
7379	34
7390	53
7391	41
7393	43
7394	104
7395	42
7402	45
7409	145
7420	60
7438	25
7443	26
7452	145
7454	146
7461	42
7465	104
7469	92
7478	106
7482	146
7487	45
7490	98
7504	145
7510	145
7512	106
7516	18
7528	145
7530	86
7531	17
7537	93
7540	146
7553	113
7557	32
7560	64
7567	144
7576	65
7589	34
7592	80
7599	101
7607	24
7611	145
7613	88
7619	118
7625	64
7630	75
7639	143
7643	158
7649	117
7673	67
7676	29
7678	54
7684	75
7686	145
7688	145
7689	24
7692	127
7695	146
7696	144
7700	56
7707	139
7708	84
7712	10
7723	13
7725	85
7726	27
7731	107
7737	118
7738	18
7739	85
7748	106
7749	90
7753	8
7757	75
7760	70
7769	89
7776	117
7783	30
7785	54
7786	17
7788	145
7790	146
7793	144
7816	145
7823	138
7833	12
7840	16
7843	12
7851	25
7858	110
7871	30
7876	100
7878	22
7880	6
7885	109
7887	130
7896	19
7897	51
7898	146
7910	9
7912	144
7934	27
7935	6
7944	144
7956	25
7958	62
7965	145
7968	145
7969	12
7971	109
7972	53
7976	146
7984	145
7987	95
7990	56
7997	98
7999	67
8007	12
8013	50
8017	87
8027	23
8028	98
8052	11
8060	6
8061	89
8063	42
8066	59
8068	87
8069	65
8070	35
8075	107
8077	144
8080	146
8081	47
8088	8
8094	22
8095	12
8100	146
8103	145
8104	30
8107	146
8112	145
8126	146
8141	17
8146	18
8156	14
8164	43
8165	78
8167	82
8178	146
8179	148
8182	126
8184	144
8186	17
8187	10
8192	9
8205	91
8212	132
8213	131
8215	109
8217	90
8219	49
8223	38
8234	40
8236	20
8243	13
8244	122
8256	100
8257	74
8259	146
8267	88
8268	89
8270	53
8272	65
8275	121
8279	8
8281	47
8285	54
8286	26
8290	123
8292	114
8294	137
8300	90
8302	25
8316	147
8321	84
8325	23
8327	7
8330	144
8345	144
8346	7
8356	145
8360	128
8363	114
8367	76
8368	78
8370	83
8384	94
8391	146
8392	145
8394	12
8397	92
8401	31
8402	35
8403	10
8414	146
8419	171
8420	28
8421	111
8426	145
8427	35
8434	77
8438	15
8440	64
8450	21
8455	15
8456	146
8460	146
8464	27
8471	145
8502	19
8505	157
8506	15
8508	145
8513	19
8521	50
8523	50
8534	48
8535	121
8536	48
8538	86
8544	104
8546	32
8553	30
8559	45
8566	125
8573	95
8574	17
8576	122
8594	81
8599	35
8604	125
8607	145
8614	144
8622	41
8626	145
8641	5
8642	137
8647	102
8653	74
8658	104
8661	8
8669	145
8674	107
8677	128
8684	11
8690	20
8702	14
8711	144
8715	62
8726	154
8727	123
8741	62
8744	16
8745	111
8748	16
8751	46
8752	8
8753	87
8762	96
8764	146
8765	29
8770	53
8771	62
8783	146
8792	98
8796	107
8810	64
8812	125
8813	86
8827	76
8828	53
8834	19
8837	144
8847	144
8855	7
8859	28
8869	152
8875	9
8902	140
8907	72
8911	26
8913	15
8915	17
8920	22
8926	144
8927	146
8928	39
8930	41
8932	87
8937	20
8941	98
8947	147
8948	10
8951	145
8953	111
8955	37
8960	17
8962	103
8965	9
8972	146
8980	118
8989	146
8990	138
8999	15
9001	59
9002	19
9003	74
9013	50
9014	40
9017	70
9018	28
9028	41
9043	88
9044	145
9052	12
9054	98
9058	15
9062	107
9063	9
9065	8
9073	146
9075	145
9093	146
9096	145
9100	100
9102	145
9115	63
9121	102
9125	35
9134	22
9151	145
9157	147
9164	113
9173	45
9188	21
9191	21
9195	145
9199	7
9200	21
9205	119
9219	101
9223	134
9228	77
9232	144
9236	144
9238	55
9240	52
9245	51
9246	40
9249	144
9250	38
9252	52
9257	145
9263	18
9264	70
9269	42
9274	41
9275	104
9278	144
9283	47
9285	70
9287	131
9295	145
9301	44
9302	50
9330	20
9336	144
9355	146
9357	61
9363	99
9364	27
9373	101
9378	13
9379	147
9386	63
9388	145
9398	147
9399	64
9401	59
9409	15
9413	93
9415	14
9417	88
9421	23
9425	91
9431	24
9435	12
9436	56
9440	43
9449	12
9453	85
9457	146
9458	86
9465	21
9466	124
9471	144
9475	145
9479	11
9485	73
9487	31
9490	36
9492	91
9495	146
9516	107
9517	83
9527	107
9536	69
9537	45
9542	100
9549	145
9555	38
9572	146
9574	145
9576	146
9580	36
9582	11
9585	110
9586	95
9588	48
9591	14
9592	145
9593	13
9597	144
9599	146
9603	59
9605	146
9612	32
9617	104
9622	54
9642	146
9644	129
9646	146
9658	146
9660	79
9662	31
9681	18
9688	45
9692	146
9702	44
9712	12
9717	66
9720	59
9724	43
9726	20
9730	31
9737	14
9768	40
9775	9
9777	10
9783	146
9789	92
9800	111
9806	29
9810	145
9833	56
9835	20
9844	145
9852	122
9856	40
9858	32
9865	95
9876	70
9878	146
9888	131
9889	27
9896	25
9899	29
9900	144
9902	97
9905	45
9909	32
9914	124
9915	128
9923	17
9925	31
9926	121
9928	146
9931	100
9935	45
9937	90
9942	144
9952	88
9955	110
9957	87
9961	78
9970	112
9971	14
9972	126
9973	34
9978	146
9982	88
9988	29
9992	70
9995	15
9996	38
10003	39
10005	69
10006	102
10007	62
10024	90
10026	8
10028	118
10031	145
10032	22
10037	124
10040	117
10069	146
10071	82
10074	146
10076	17
10091	146
10098	13
10100	65
10101	37
10113	104
10120	75
10123	13
10127	25
10137	16
10148	79
10152	45
10164	145
10166	146
10168	15
10171	144
10185	6
10188	23
10192	37
10193	141
10199	134
10211	25
10212	129
10216	89
10217	94
10221	104
10238	145
10242	146
10259	15
10260	13
10262	59
10265	144
10272	53
10284	145
10288	144
10289	62
10297	30
10298	145
10300	71
10302	75
10303	32
10307	41
10309	64
10334	145
10335	14
10337	32
10342	145
10344	83
10349	145
10350	110
10360	96
10365	46
10374	19
10375	146
10383	28
10386	43
10406	145
10414	31
10418	6
10433	144
10444	14
10448	55
10454	61
10470	15
10474	135
10475	27
10487	145
10490	14
10517	54
10526	144
10527	41
10532	148
10541	120
10549	35
10552	106
10554	101
10556	98
10559	50
10570	146
10587	145
10595	91
10596	28
10600	146
10605	145
10607	148
10614	123
10620	56
10622	116
10635	86
10640	145
10670	14
10674	27
10675	146
10676	98
10677	57
10685	146
10702	145
10704	102
10707	135
10715	50
10720	146
10731	146
10734	46
10741	146
10744	75
10748	62
10749	17
10750	145
10753	10
10754	21
10761	21
10787	145
10797	80
10808	56
10809	86
10829	148
10836	148
10839	146
10844	71
10849	19
10850	144
10853	34
10854	109
10867	146
10868	118
10874	98
10878	148
10884	7
10885	145
10905	146
10906	21
10915	145
10918	9
10926	144
10927	92
10948	147
10949	145
10960	128
10961	123
10973	9
10977	29
10985	11
10987	146
10988	146
10989	129
10991	37
10993	145
10997	144
11006	147
11010	52
11019	51
11025	146
11029	23
11039	29
11064	62
11088	93
11090	31
11092	65
11094	113
11099	84
11121	76
11125	134
11129	107
11142	145
11153	30
11159	95
11161	110
11168	11
11171	131
11172	103
11178	145
11183	116
11184	51
11187	145
11190	55
11192	17
11199	73
11202	146
11208	13
11213	20
11216	119
11220	97
11229	144
11235	8
11237	113
11240	53
11250	146
11268	44
11273	155
11280	146
11289	108
11293	60
11321	85
11329	21
11330	77
11336	8
11337	32
11351	110
11358	145
11373	112
11378	82
11384	78
11390	107
11403	39
11408	144
11434	59
11446	145
11448	42
11496	46
11513	48
11516	56
11535	9
11545	118
11547	13
11564	71
11572	37
11573	6
11574	144
11582	118
11583	64
11585	54
11586	18
11594	145
11597	44
11600	120
11601	47
11609	113
11616	146
11619	145
11637	93
11642	98
11656	144
11659	19
11664	101
11671	145
11677	145
11680	145
11685	147
11687	84
11689	122
11691	146
11702	9
11719	144
11720	108
11739	117
11740	131
11747	109
11749	89
11763	144
11769	53
11770	62
11775	16
11786	95
11792	118
11812	145
11819	145
11822	22
11835	41
11841	118
11847	57
11858	65
11878	11
11881	126
11895	145
11898	77
11907	145
11910	72
11914	45
11917	144
11936	118
11941	24
11952	145
11953	113
11956	56
11957	145
11961	146
11965	145
11974	130
11995	113
11998	127
12000	11
12009	37
12013	145
12014	145
12020	144
12021	144
12022	146
12033	50
12042	114
12045	58
12046	144
12049	145
12052	45
12053	48
12058	48
12069	101
12075	25
12079	92
12081	106
12082	44
12087	52
12097	56
12103	15
12105	137
12116	148
12117	115
12119	76
12121	97
12124	77
12132	136
12133	8
12136	145
12148	7
12151	146
12154	81
12161	131
12162	38
12170	145
12181	43
12190	35
12191	28
12197	147
12204	27
12208	102
12214	99
12221	126
12228	43
12242	64
12244	145
12247	46
12249	28
12257	58
12268	7
12273	50
12279	69
12285	145
12287	146
12295	125
12301	11
12304	12
12307	64
12308	146
12316	146
12321	11
12325	146
12327	126
12353	8
12363	82
12378	37
12380	59
12387	107
12397	150
12398	144
12400	131
12408	14
12413	112
12414	146
12420	102
12431	96
12433	17
12440	146
12441	12
12455	38
12463	20
12464	145
12473	40
12477	144
12478	144
12481	17
12489	35
12496	65
12497	124
12503	146
12507	62
12508	39
12510	13
12523	115
12532	108
12537	144
12541	55
12542	98
12543	11
12545	98
12552	93
12566	85
12583	37
12590	120
12592	7
12593	94
12598	144
12601	11
12605	146
12626	57
12646	144
12649	38
12653	39
12659	144
12673	72
12675	79
12676	42
12682	12
12710	28
12714	145
12722	27
12724	47
12725	48
12733	16
12734	2
12752	58
12757	146
12759	144
12766	12
12775	100
12781	123
12800	85
12804	88
12811	81
12821	43
12822	138
12825	99
12829	141
12839	39
12842	83
12855	100
12856	6
12857	7
12868	146
12873	32
12880	145
12885	107
12887	144
12892	23
12909	144
12937	81
12939	40
12942	110
12945	146
12948	48
12950	29
12971	46
12974	12
12981	44
13005	144
13049	145
13050	67
13060	15
13062	10
13068	10
13070	145
13077	34
13078	9
13081	145
13084	147
13085	92
13089	79
13093	107
13099	146
13100	84
13102	55
13107	51
13142	20
13143	145
13144	20
13148	145
13149	95
13150	41
13155	146
13171	34
13173	68
13191	18
13207	145
13211	91
13216	145
13217	9
13220	145
13221	129
13225	12
13239	145
13250	89
13254	11
13273	145
13274	10
13275	144
13284	145
13295	18
13303	146
13308	9
13312	146
13325	107
13356	45
13357	39
13369	32
13371	102
13398	15
13402	146
13408	32
13411	16
13446	146
13477	117
13478	145
13500	8
13508	6
13512	122
13523	8
13528	145
13541	132
13551	21
13555	146
13558	145
13567	24
13569	26
13587	71
13594	16
13604	32
13630	53
13632	104
13633	23
13658	11
13660	144
13662	145
13673	60
13682	62
13685	77
13687	16
13701	144
13705	42
13737	110
13757	110
13759	43
13760	23
13761	124
13769	89
13779	147
13787	18
13793	9
13799	97
13800	145
13804	145
13808	146
13832	27
13838	94
13843	41
13846	145
13853	146
13863	16
13867	83
13869	145
13882	145
13902	88
13917	84
13921	8
13933	42
13936	146
13950	146
13970	146
13972	125
13982	82
13986	145
13989	146
13991	119
13993	45
13995	12
14000	117
14011	44
14017	8
14028	16
14031	32
14033	96
14043	81
14052	145
14053	146
14076	145
14077	96
14083	17
14092	55
14094	27
14105	56
14113	32
14114	76
14115	11
14125	28
14128	71
14130	78
14131	32
14135	22
14154	100
14186	68
14189	47
14193	147
14196	123
14199	146
14247	126
14248	59
14249	85
14253	64
14256	24
14259	104
14265	31
14270	12
14279	145
14284	145
14308	124
14332	17
14333	18
14344	105
14434	145
14537	41
14569	35
14575	43
14601	137
14630	44
14661	149
14686	17
14714	113
14747	85
14756	7
14805	145
14836	35
14851	103
14863	126
14906	146
14989	146
15088	122
15107	100
15109	80
15161	12
15163	7
15259	21
15278	9
15301	145
15314	85
15343	45
15383	40
15397	96
15492	147
15546	101
15552	41
15629	146
15639	61
15676	98
15695	46
15706	111
15737	6
15831	111
15900	48
15928	132
16020	155
16026	16
16081	44
16098	107
16110	122
16153	145
16193	22
16245	146
16249	99
16267	18
16268	144
16272	24
16299	63
16392	122
16393	99
16437	24
16508	119
16536	76
16550	45
16551	116
16606	16
16635	35
16680	145
16691	149
16720	12
16770	146
16831	72
16855	44
16865	118
16867	13
16891	46
16953	146
16999	145
17010	146
17021	145
17031	88
17038	101
17086	13
17105	76
17154	60
17249	76
17261	78
17346	79
17352	92
17498	62
17538	35
17577	145
17598	107
17602	21
17609	122
17612	71
17650	28
17655	113
17668	39
17697	146
17741	142
17758	104
17773	97
17793	145
17862	69
17897	124
18011	60
18048	92
18059	61
18069	146
18128	39
18136	162
18219	13
18243	32
18254	45
18284	10
18334	53
18341	96
18357	125
18410	102
18424	147
18428	127
18487	100
18539	106
18596	93
18654	132
18664	36
18715	23
18760	80
19063	145
19387	117
19582	21
19630	110
19635	146
19835	75
20110	88
20259	12
20322	144
22354	149
22589	13
22689	116
22771	146
22799	82
22802	7
22804	74
22836	37
22881	145
22896	145
22897	16
22898	145
22955	60
22969	146
22976	29
23005	144
23016	21
23038	41
23042	145
23051	116
23054	129
23062	108
23110	145
23122	61
23131	95
23140	103
23159	114
23169	85
23180	111
23185	22
23186	144
23189	130
23201	148
23223	20
23278	66
23279	145
23311	73
23316	111
23379	144
23403	108
23508	74
23518	87
23523	90
23551	145
23560	75
23581	90
23680	100
23726	7
23829	45
23847	113
23885	145
23943	80
23948	65
23989	76
24020	13
24093	96
24387	11
24576	113
24601	46
24638	27
24702	145
24741	151
24770	152
24789	113
24874	82
24987	60
25155	6
25283	145
25294	145
25413	146
25513	86
25524	67
29227	151
29328	145
29552	146
30066	11
32450	19
35949	86
36138	58
37761	27
48027	146
48065	30
48083	146
48269	145
49431	95
51417	87
52342	65
52891	122
54179	152
55097	82
56307	144
57078	107
57250	119
57278	21
57480	146
57726	35
58968	10
59394	85
59594	14
60578	26
68213	38
68839	64
75285	131
78107	145
78198	135
80222	150
80700	97
82188	102
86451	23
86793	70
87197	148
87804	97
87840	145
88080	121
88181	10
93194	120
95732	61
95891	52
96063	125
97990	17
98418	11
100608	7
101681	48
102092	15
102317	131
103338	113
105798	116
112043	93
122672	43
122925	6
128208	9
128449	146
129983	144
135708	55
135808	144
135923	46
136581	65
136673	145
137957	65
140048	91
142003	88
142129	145
142166	145
142600	144
142613	146
142685	14
142742	112
142850	10
143225	89
143237	118
143316	77
145344	105
145548	111
145876	49
146403	42
146488	146
146620	145
146674	145
146814	93
146887	146
147271	157
147524	52
147540	40
147755	8
147981	145
148095	16
148420	110
148434	108
148721	130
150375	144
150529	58
151112	8
156677	145
156769	146
156996	80
157056	31
157068	124
157880	145
158852	10
159793	102
161356	55
161743	43
161917	146
162067	116
162125	146
162247	124
162351	145
162385	31
162501	28
171634	113
173640	145
174705	57
175328	91
175768	146
175856	104
176497	78
176760	146
179665	145
188302	146
188407	66
188869	146
189337	17
189493	52
189717	103
189925	17
189963	36
189985	50
190003	130
190097	50
190231	147
190468	148
190664	146
190673	9
190944	146
191059	104
191068	37
191126	35
191504	69
191612	139
191704	88
191863	11
191879	52
192017	145
192024	146
192032	144
192066	151
192118	92
192145	152
192168	99
193844	122
195891	129
196017	31
196091	110
198189	112
198232	146
198257	73
201656	127
211722	145
213147	146
214872	56
215239	29
215357	125
217736	27
217773	117
218016	115
218061	26
218089	19
218101	20
218184	140
219052	25
219753	62
219801	13
220576	82
220678	147
222616	7
222955	53
223091	146
223123	120
223381	51
223489	116
223566	146
223668	58
223679	146
223738	144
223767	145
223836	106
223837	145
223935	20
224078	145
224220	84
224248	146
224644	88
224669	14
224802	50
225132	15
225188	30
225233	46
225392	80
225420	99
225421	106
225428	30
225677	60
225891	24
225940	145
225990	95
225997	145
226302	48
226480	146
226758	24
230135	145
236153	145
238287	146
244893	145
245665	145
245984	55
246220	71
249712	144
250011	91
250186	146
251699	82
253529	146
254542	146
254570	127
254715	144
255248	145
255710	145
256328	146
256416	148
256484	30
257795	146
258922	159
259354	146
262203	80
263708	145
266424	147
296586	145
302137	145
302411	145
302590	82
302724	40
