CHR1	POS1
3	54
7	118
9	16
13	144
20	153
21	146
32	107
37	69
40	64
45	162
55	48
61	14
65	51
66	27
69	123
73	100
75	53
77	131
78	112
81	67
83	146
90	59
92	91
101	57
104	35
106	77
107	68
109	131
111	147
119	98
129	67
143	90
151	146
153	72
154	55
156	55
159	26
161	20
167	145
168	78
178	68
185	145
186	67
193	67
195	50
196	33
198	12
201	145
203	9
204	43
205	20
207	120
213	56
217	126
226	102
229	14
240	27
249	67
256	11
258	105
263	16
268	6
269	28
271	34
277	86
279	31
280	104
281	66
285	34
286	84
288	32
289	28
291	66
302	145
303	26
304	145
310	88
312	19
314	45
315	82
316	123
320	109
326	90
328	50
331	98
336	15
337	27
339	29
342	16
344	69
346	146
347	46
349	30
358	84
360	25
363	146
372	99
373	117
375	17
377	108
381	47
383	64
386	145
390	103
392	100
394	63
395	109
402	145
406	83
407	59
411	6
412	67
413	24
416	44
421	146
425	146
430	17
434	68
435	35
437	133
441	67
451	44
453	97
455	31
456	29
458	77
459	52
464	43
465	22
466	29
469	146
471	21
473	43
474	134
478	112
479	15
480	48
481	21
482	111
490	116
491	115
496	10
498	146
499	146
504	145
508	127
512	8
514	19
515	13
517	126
518	48
519	101
529	74
532	95
533	144
539	30
540	11
541	44
543	46
544	24
546	37
552	9
553	22
559	84
561	98
563	94
564	16
565	27
575	6
576	112
580	32
582	107
584	18
585	49
594	52
599	28
601	100
606	54
608	73
609	97
613	95
615	123
618	134
619	121
624	144
631	51
633	18
641	114
644	115
645	32
651	9
653	53
656	98
657	86
659	122
660	22
661	21
673	88
675	21
676	145
678	146
684	59
685	72
693	71
694	140
696	37
697	16
699	93
708	31
709	6
713	43
715	26
717	65
722	109
726	65
727	21
728	94
730	97
733	13
734	27
735	144
739	144
746	50
747	138
750	87
755	102
759	13
761	97
762	65
764	115
770	145
773	145
774	95
778	20
779	48
781	146
782	17
784	49
786	93
791	55
803	10
813	74
815	103
822	51
824	16
825	36
828	145
830	30
831	47
835	145
837	103
838	9
839	148
840	35
842	10
845	64
846	43
847	14
848	103
849	131
852	145
854	29
855	111
858	146
859	44
860	22
862	146
864	116
875	94
877	145
878	146
882	104
889	6
893	30
907	49
913	45
914	8
917	127
920	145
926	29
928	25
929	18
930	144
932	14
942	57
952	48
958	18
960	40
962	71
964	145
966	40
970	29
976	145
982	75
988	64
995	10
1006	14
1007	134
1015	56
1017	101
1020	18
1023	129
1024	22
1025	40
1035	7
1038	90
1044	88
1048	18
1049	146
1064	16
1066	7
1067	98
1070	23
1076	88
1080	144
1085	23
1086	81
1089	66
1090	78
1092	41
1107	145
1113	137
1114	9
1116	10
1120	39
1144	29
1146	44
1159	40
1179	13
1180	155
1183	65
1197	146
1198	23
1204	7
1205	24
1208	144
1209	21
1221	31
1228	87
1232	145
1240	145
1245	40
1253	119
1255	10
1256	56
1261	19
1265	58
1266	98
1270	145
1275	63
1280	13
1283	29
1286	31
1288	24
1289	145
1293	30
1294	129
1298	45
1313	10
1316	35
1319	26
1322	146
1323	64
1329	8
1330	126
1335	33
1336	45
1342	128
1350	145
1352	145
1354	38
1358	48
1360	11
1361	145
1362	144
1367	121
1370	145
1380	144
1381	122
1384	122
1385	145
1389	146
1392	59
1393	41
1401	63
1419	110
1420	26
1426	137
1427	62
1428	25
1430	60
1431	12
1433	89
1434	86
1435	84
1438	113
1441	38
1442	109
1443	10
1453	30
1458	157
1467	93
1483	63
1496	127
1512	36
1519	42
1523	148
1525	14
1536	9
1538	16
1560	45
1561	144
1573	33
1574	8
1584	27
1586	12
1593	27
1604	9
1613	29
1621	44
1631	132
1633	32
1634	15
1640	63
1643	82
1647	64
1649	49
1650	45
1651	145
1652	33
1655	149
1656	48
1669	146
1673	26
1676	58
1681	146
1682	53
1686	30
1688	24
1698	35
1703	34
1709	35
1710	21
1712	30
1720	32
1730	13
1732	38
1737	44
1738	128
1740	60
1742	25
1744	125
1747	146
1750	65
1752	20
1755	96
1760	75
1761	9
1763	87
1768	83
1771	127
1776	11
1780	8
1781	43
1786	120
1789	32
1795	37
1796	9
1802	48
1804	67
1807	32
1809	48
1811	144
1818	17
1828	140
1833	37
1847	13
1854	129
1856	13
1859	144
1871	8
1872	89
1879	107
1888	84
1896	47
1899	38
1904	17
1906	59
1910	27
1913	64
1914	131
1915	147
1919	144
1921	26
1924	15
1925	139
1930	36
1934	56
1935	129
1948	42
1949	133
1952	38
1959	14
1966	146
1967	146
1969	146
1977	36
1978	145
1979	116
1980	42
1986	97
1987	31
1988	72
1989	13
1990	8
1994	76
1998	32
2001	8
2002	10
2003	20
2006	49
2007	7
2021	115
2034	49
2036	10
2042	146
2050	30
2054	40
2057	11
2062	30
2068	51
2069	25
2070	22
2071	146
2074	95
2076	35
2079	16
2080	8
2083	78
2085	38
2090	106
2093	148
2098	9
2099	83
2104	49
2110	145
2113	109
2123	58
2124	99
2131	62
2133	33
2138	30
2148	15
2150	29
2153	22
2156	11
2157	35
2163	72
2165	149
2166	23
2170	63
2175	124
2188	9
2191	19
2193	21
2196	123
2197	12
2201	37
2202	92
2211	49
2212	55
2216	67
2217	40
2222	56
2225	131
2229	110
2232	39
2233	51
2239	144
2240	15
2242	146
2243	111
2245	28
2252	11
2253	15
2261	11
2262	109
2263	15
2264	63
2265	14
2266	98
2268	121
2273	139
2275	41
2278	36
2279	41
2289	129
2294	25
2295	146
2296	21
2297	8
2302	15
2316	109
2318	18
2319	25
2320	34
2322	76
2323	16
2324	95
2325	14
2327	148
2329	147
2337	145
2347	10
2349	31
2356	59
2359	147
2362	24
2377	8
2379	89
2381	32
2383	60
2386	145
2387	80
2390	11
2395	92
2396	92
2398	31
2411	146
2413	31
2424	41
2427	94
2429	45
2438	18
2442	37
2456	138
2460	148
2461	6
2463	131
2465	87
2475	9
2476	145
2478	87
2479	135
2482	148
2493	144
2494	7
2500	144
2501	89
2536	104
2542	146
2545	117
2548	41
2551	7
2554	22
2563	117
2565	114
2569	12
2572	103
2585	55
2594	12
2595	98
2596	146
2598	146
2603	145
2605	96
2606	98
2610	38
2612	145
2615	27
2616	76
2618	29
2623	86
2624	130
2626	96
2630	145
2636	45
2637	146
2639	78
2640	146
2642	14
2643	23
2644	145
2645	23
2647	23
2648	62
2655	7
2656	125
2661	116
2662	145
2667	31
2672	145
2681	85
2688	95
2691	85
2692	57
2705	22
2707	37
2712	105
2713	124
2715	36
2722	77
2724	51
2731	47
2732	41
2733	102
2734	126
2740	59
2741	112
2742	69
2744	11
2748	7
2750	17
2756	146
2759	26
2763	21
2771	71
2777	31
2779	131
2787	62
2790	79
2795	62
2801	26
2804	107
2806	67
2807	49
2810	58
2812	145
2814	70
2816	145
2817	146
2820	14
2827	73
2830	14
2835	64
2840	59
2841	42
2843	42
2849	126
2850	43
2851	10
2854	145
2857	43
2858	146
2859	145
2860	39
2862	144
2875	59
2876	59
2880	151
2881	65
2882	104
2883	98
2886	21
2892	11
2897	35
2903	83
2904	63
2909	144
2910	52
2913	83
2915	144
2916	41
2920	9
2921	14
2922	145
2929	18
2932	46
2934	48
2935	145
2937	128
2938	8
2939	15
2943	63
2949	7
2951	47
2954	116
2958	115
2964	114
2971	144
2976	83
2982	85
2984	18
2985	103
2987	125
2988	92
2993	16
3000	16
3002	7
3008	145
3009	131
3011	29
3012	140
3016	48
3018	157
3019	26
3022	9
3029	118
3030	118
3031	87
3033	66
3038	148
3039	103
3040	117
3043	52
3045	12
3052	64
3054	119
3056	102
3058	85
3064	83
3070	8
3073	96
3081	145
3083	33
3090	144
3093	13
3094	19
3098	43
3099	145
3101	43
3102	117
3113	41
3114	21
3117	71
3123	16
3124	33
3125	129
3127	120
3131	31
3134	43
3137	76
3138	42
3144	23
3146	122
3147	145
3157	34
3160	26
3161	16
3163	6
3164	34
3166	147
3169	32
3171	18
3172	101
3177	65
3181	105
3183	10
3186	18
3187	29
3193	131
3196	124
3197	83
3199	7
3202	11
3205	24
3227	61
3235	28
3238	22
3241	135
3242	22
3245	24
3256	64
3258	17
3260	104
3261	145
3264	13
3268	19
3270	86
3273	144
3275	101
3277	121
3281	24
3293	145
3304	12
3306	145
3310	24
3312	28
3316	62
3318	145
3321	46
3328	15
3333	62
3336	76
3341	55
3342	11
3348	29
3352	111
3355	42
3357	146
3358	33
3367	58
3369	69
3371	34
3372	146
3373	26
3374	35
3375	151
3376	51
3377	40
3382	63
3387	30
3389	69
3390	125
3392	126
3393	27
3395	145
3404	30
3414	146
3420	74
3422	145
3423	65
3424	33
3426	74
3427	66
3431	45
3432	83
3433	22
3434	146
3438	70
3441	97
3443	26
3445	9
3451	99
3455	119
3458	21
3459	149
3462	111
3463	123
3469	10
3472	23
3474	11
3475	146
3480	49
3483	46
3486	48
3489	26
3492	106
3496	60
3497	33
3500	52
3507	129
3508	25
3511	48
3513	58
3522	84
3526	146
3529	106
3531	69
3534	14
3535	9
3540	36
3547	48
3550	9
3552	95
3557	11
3562	53
3563	50
3567	78
3568	125
3577	83
3578	16
3579	15
3581	82
3587	146
3592	60
3595	51
3597	92
3601	40
3606	145
3608	54
3613	101
3614	52
3619	98
3620	9
3632	6
3638	44
3639	105
3641	14
3645	115
3650	146
3657	146
3661	146
3667	95
3670	126
3671	92
3673	146
3675	63
3679	64
3680	110
3681	17
3684	114
3685	37
3687	120
3688	146
3691	134
3692	7
3698	145
3700	149
3703	139
3705	136
3706	119
3711	7
3715	44
3716	84
3718	134
3719	92
3721	105
3722	144
3723	18
3725	85
3727	43
3738	104
3742	13
3747	28
3748	58
3749	20
3756	81
3760	150
3763	91
3765	32
3769	145
3770	130
3771	35
3773	12
3775	44
3776	112
3777	145
3778	107
3779	148
3780	17
3789	61
3790	23
3797	114
3801	11
3804	145
3808	23
3809	133
3818	8
3823	10
3831	65
3833	145
3835	40
3838	143
3843	17
3849	103
3851	45
3854	114
3857	92
3864	23
3877	146
3883	26
3888	26
3890	27
3891	145
3894	145
3896	112
3904	108
3906	32
3907	126
3912	43
3918	15
3919	60
3922	146
3923	62
3925	118
3927	145
3929	54
3930	38
3932	30
3935	137
3938	120
3939	21
3941	55
3945	26
3948	35
3952	6
3955	8
3965	101
3966	42
3969	49
3986	14
3987	145
3990	44
3991	145
3993	108
3994	46
4000	145
4005	12
4006	30
4011	16
4012	131
4014	86
4019	145
4023	7
4024	17
4026	103
4027	64
4028	146
4029	138
4031	36
4032	140
4033	43
4037	18
4038	31
4039	116
4043	66
4047	46
4048	16
4050	15
4053	59
4055	131
4056	123
4057	108
4058	34
4059	15
4062	146
4064	90
4065	27
4066	49
4069	120
4075	11
4078	14
4083	81
4087	71
4092	127
4095	110
4098	103
4099	13
4101	146
4106	47
4108	100
4112	14
4118	91
4123	145
4124	79
4129	107
4133	108
4144	20
4149	15
4155	9
4156	6
4160	91
4162	146
4169	59
4170	53
4173	108
4176	113
4177	55
4183	9
4187	40
4189	57
4191	21
4195	11
4203	81
4212	84
4217	89
4218	34
4219	15
4224	102
4230	42
4232	27
4238	147
4240	146
4243	48
4247	107
4250	84
4252	48
4253	67
4254	18
4256	9
4259	11
4261	86
4262	136
4265	77
4266	9
4269	105
4271	62
4281	146
4282	43
4283	61
4288	14
4289	14
4291	119
4294	86
4295	44
4296	66
4300	137
4302	145
4305	83
4314	6
4316	30
4317	114
4322	120
4324	8
4325	47
4333	10
4336	145
4347	57
4351	138
4354	13
4360	26
4369	51
4370	34
4371	144
4377	143
4382	133
4383	54
4390	59
4393	128
4397	8
4403	122
4404	19
4405	107
4407	63
4410	18
4411	95
4413	118
4415	47
4421	179
4425	103
4428	9
4436	34
4439	122
4441	49
4446	146
4454	145
4455	10
4464	83
4465	58
4467	26
4471	48
4473	25
4477	60
4489	12
4491	83
4494	148
4495	146
4498	54
4503	101
4506	8
4510	81
4511	107
4513	8
4515	106
4517	111
4520	117
4524	9
4527	111
4533	145
4534	43
4538	15
4542	146
4545	27
4548	38
4550	51
4554	82
4561	17
4562	99
4565	13
4568	67
4574	145
4582	29
4583	7
4589	20
4590	39
4593	145
4599	15
4600	11
4601	146
4603	146
4606	141
4607	145
4615	30
4616	40
4620	145
4625	81
4630	146
4636	146
4640	18
4644	16
4646	15
4647	146
4653	146
4668	102
4671	20
4679	62
4683	144
4691	75
4693	81
4696	32
4700	85
4703	102
4704	13
4709	128
4712	145
4717	8
4719	146
4723	121
4727	146
4728	130
4729	21
4730	6
4731	70
4737	144
4742	16
4745	145
4747	46
4752	20
4757	146
4760	65
4761	55
4763	20
4769	118
4777	42
4779	13
4781	39
4783	58
4784	145
4789	116
4810	144
4817	145
4820	52
4821	146
4822	56
4823	128
4824	145
4826	86
4829	26
4831	42
4834	40
4836	6
4843	15
4847	20
4849	94
4851	127
4853	132
4863	35
4865	84
4873	144
4874	24
4875	128
4876	48
4877	144
4891	43
4892	123
4893	89
4901	144
4902	8
4908	12
4910	8
4911	81
4915	34
4920	159
4933	18
4938	108
4942	24
4943	146
4945	10
4950	145
4953	42
4954	145
4955	7
4967	110
4969	146
4970	100
4972	60
4978	99
4983	10
4988	42
4997	53
5000	146
5022	35
5025	32
5028	41
5029	10
5040	146
5045	145
5046	25
5051	146
5055	83
5056	64
5061	128
5062	128
5063	13
5069	23
5071	48
5076	146
5079	133
5080	6
5083	145
5090	19
5091	50
5096	16
5097	45
5107	145
5118	153
5123	47
5129	28
5132	145
5134	103
5141	57
5145	116
5149	17
5150	21
5158	32
5159	126
5160	35
5162	17
5174	67
5180	125
5187	102
5188	57
5189	145
5190	35
5195	65
5204	6
5211	50
5222	31
5236	53
5240	93
5248	57
5254	11
5257	145
5263	13
5267	9
5272	34
5274	146
5279	54
5283	145
5286	116
5288	22
5289	145
5294	25
5296	110
5300	48
5301	51
5316	91
5326	92
5335	18
5343	57
5352	100
5355	42
5367	144
5371	25
5376	118
5378	28
5381	154
5382	9
5387	41
5388	12
5394	46
5396	115
5400	90
5406	30
5407	23
5409	146
5428	7
5433	146
5463	66
5465	12
5467	83
5473	15
5477	146
5480	97
5482	11
5485	130
5486	6
5491	145
5502	73
5508	6
5522	146
5523	71
5551	25
5570	17
5587	107
5596	92
5598	30
5600	139
5603	17
5608	23
5609	60
5615	146
5621	41
5624	30
5627	63
5629	81
5636	11
5637	80
5647	23
5654	41
5656	114
5661	120
5662	103
5663	27
5669	151
5671	96
5675	16
5676	147
5683	144
5687	21
5689	17
5690	13
5693	145
5702	116
5703	35
5706	13
5707	10
5709	28
5716	102
5718	10
5722	11
5728	47
5735	100
5739	85
5747	146
5749	146
5750	113
5753	66
5762	24
5763	71
5772	25
5777	96
5783	46
5801	146
5807	146
5808	39
5820	35
5822	81
5824	63
5836	16
5837	17
5843	41
5848	146
5850	15
5859	8
5860	57
5869	25
5871	73
5874	38
5876	145
5878	10
5882	8
5890	59
5893	29
5896	6
5902	65
5920	92
5922	119
5925	28
5931	10
5935	93
5940	104
5947	89
5949	123
5959	14
5968	107
5969	113
5970	22
5975	8
5989	146
5992	22
5994	84
5995	87
6005	144
6007	54
6014	144
6015	19
6026	93
6028	146
6035	29
6044	87
6046	48
6053	28
6057	11
6060	17
6062	26
6070	128
6071	24
6074	8
6077	86
6081	146
6086	146
6087	147
6089	116
6091	62
6092	88
6093	53
6096	35
6097	145
6100	110
6101	116
6105	35
6106	146
6107	65
6125	145
6127	82
6133	118
6138	100
6148	50
6153	38
6158	127
6159	113
6160	145
6174	98
6181	145
6185	145
6189	102
6196	46
6197	22
6199	122
6203	100
6209	116
6210	103
6212	7
6213	7
6217	17
6222	92
6233	97
6244	61
6250	28
6252	42
6253	145
6254	23
6257	109
6258	71
6262	82
6267	146
6269	101
6273	33
6276	126
6281	15
6283	8
6284	40
6288	146
6295	77
6300	18
6309	98
6311	50
6314	43
6315	52
6321	33
6324	28
6327	145
6331	148
6333	7
6337	60
6339	146
6343	146
6346	87
6350	16
6358	37
6361	29
6363	83
6369	29
6371	47
6372	16
6373	38
6385	96
6386	123
6391	146
6392	115
6395	38
6400	41
6403	84
6406	144
6411	48
6412	47
6419	28
6420	146
6422	10
6423	146
6424	68
6430	8
6436	88
6437	123
6446	146
6459	99
6461	7
6463	146
6464	145
6469	145
6472	97
6476	92
6478	85
6496	145
6500	30
6501	22
6503	120
6506	88
6513	50
6514	59
6518	26
6520	146
6522	65
6528	20
6530	146
6534	27
6535	36
6537	101
6541	67
6544	18
6545	27
6554	114
6559	146
6563	39
6574	21
6577	118
6578	30
6587	20
6589	32
6592	27
6594	54
6595	125
6599	108
6605	76
6619	24
6620	103
6625	52
6630	23
6639	17
6662	39
6664	83
6666	105
6669	131
6674	20
6683	7
6684	74
6686	18
6695	33
6698	102
6701	45
6704	99
6709	16
6716	49
6718	146
6720	56
6723	146
6727	20
6728	11
6734	21
6736	109
6738	144
6743	128
6746	145
6755	20
6756	25
6757	14
6766	12
6779	86
6796	110
6799	135
6803	107
6806	144
6811	55
6813	38
6816	115
6818	45
6819	146
6833	67
6836	20
6842	27
6844	14
6850	145
6854	145
6857	6
6859	145
6863	6
6864	132
6865	6
6869	116
6870	89
6875	21
6882	146
6902	38
6904	66
6905	36
6912	85
6916	12
6918	101
6921	86
6922	64
6923	20
6926	114
6927	39
6930	14
6937	141
6941	35
6944	21
6945	51
6946	27
6947	107
6948	10
6954	34
6957	146
6965	8
6972	22
6974	37
6975	35
6977	145
6978	110
6983	91
6994	37
6995	144
6996	6
6998	138
6999	96
7000	14
7007	21
7018	41
7020	13
7022	145
7023	32
7025	33
7028	59
7031	48
7035	61
7036	54
7038	137
7039	9
7041	24
7048	80
7049	113
7051	47
7052	6
7054	124
7057	14
7062	92
7063	46
7064	125
7065	6
7070	146
7077	21
7082	98
7083	106
7093	13
7097	8
7103	17
7104	97
7105	97
7119	53
7120	45
7123	26
7125	63
7127	9
7130	34
7135	122
7138	146
7139	131
7141	59
7150	17
7153	92
7160	88
7162	104
7164	145
7165	145
7166	112
7169	40
7170	29
7175	24
7179	45
7186	139
7189	63
7195	52
7201	144
7207	10
7209	27
7213	22
7220	93
7223	45
7225	146
7226	9
7228	46
7232	50
7233	15
7238	8
7240	20
7248	105
7251	35
7253	145
7254	12
7255	111
7257	46
7266	156
7267	29
7268	145
7272	10
7278	145
7283	12
7285	23
7286	17
7287	73
7292	90
7293	114
7300	22
7301	132
7303	120
7306	18
7307	88
7308	115
7314	146
7316	18
7322	30
7323	10
7326	10
7327	89
7332	66
7334	55
7336	128
7337	146
7341	8
7344	145
7347	144
7351	19
7354	145
7355	110
7358	118
7366	146
7367	103
7377	27
7382	117
7387	79
7388	7
7389	9
7394	40
7401	148
7403	82
7404	99
7410	102
7413	145
7422	115
7426	146
7429	67
7434	22
7444	39
7450	85
7452	35
7456	43
7465	8
7466	19
7467	32
7473	113
7479	64
7481	25
7482	9
7490	47
7492	144
7493	92
7499	145
7509	38
7510	146
7511	46
7514	41
7516	6
7520	25
7521	19
7522	32
7527	135
7529	10
7534	142
7543	146
7544	81
7549	124
7553	90
7556	42
7560	146
7562	108
7563	146
7567	116
7571	145
7576	82
7578	90
7581	11
7583	55
7588	18
7589	60
7598	54
7601	146
7604	12
7606	37
7611	138
7613	145
7614	69
7619	87
7623	145
7624	112
7629	122
7630	117
7635	59
7636	32
7648	135
7651	76
7656	7
7658	140
7664	18
7666	86
7673	8
7674	145
7676	146
7682	14
7686	21
7688	105
7691	110
7693	65
7694	129
7698	108
7700	107
7702	145
7710	42
7711	25
7720	146
7722	62
7724	93
7730	18
7737	89
7756	146
7757	11
7761	145
7764	121
7768	55
7769	9
7770	144
7771	18
7774	87
7777	70
7788	145
7791	146
7792	13
7796	19
7798	145
7805	134
7813	6
7820	146
7827	93
7838	146
7841	147
7842	6
7843	144
7847	146
7848	78
7849	84
7851	146
7854	90
7855	82
7861	48
7863	114
7878	146
7882	45
7883	146
7887	41
7888	111
7889	46
7892	54
7894	29
7897	52
7898	59
7900	22
7903	144
7907	8
7914	122
7916	18
7930	46
7935	112
7951	8
7959	104
7970	6
7973	53
7975	146
7981	146
7983	147
7988	16
7996	8
8005	145
8010	14
8011	16
8012	145
8013	128
8016	145
8017	57
8018	28
8020	87
8026	146
8028	129
8032	146
8037	128
8039	22
8041	51
8042	34
8048	145
8050	14
8054	145
8057	89
8059	24
8063	77
8066	145
8067	40
8077	144
8079	88
8084	55
8087	144
8097	104
8104	36
8106	145
8110	117
8112	124
8113	110
8115	30
8121	21
8125	34
8131	43
8132	24
8137	112
8138	91
8145	146
8152	19
8157	146
8160	7
8167	145
8168	111
8172	145
8178	145
8186	53
8187	145
8188	86
8190	11
8195	146
8198	37
8199	145
8205	85
8211	42
8214	94
8217	97
8218	103
8223	73
8224	18
8225	6
8226	26
8233	146
8244	145
8255	50
8258	145
8260	130
8262	87
8266	38
8267	147
8270	55
8272	112
8274	7
8275	146
8276	126
8280	31
8288	12
8296	38
8299	145
8305	84
8312	58
8314	7
8318	13
8320	78
8328	113
8333	93
8335	121
8336	35
8338	89
8344	124
8356	52
8358	47
8363	32
8364	9
8368	23
8372	144
8378	84
8382	146
8395	146
8402	145
8409	28
8411	146
8413	146
8418	22
8425	96
8432	32
8434	39
8439	40
8444	145
8446	148
8447	107
8451	12
8460	30
8464	49
8466	37
8477	115
8479	146
8481	49
8493	70
8523	66
8524	105
8527	18
8530	19
8537	52
8543	110
8550	118
8551	82
8558	58
8560	145
8561	56
8577	53
8579	35
8582	139
8586	50
8593	86
8599	41
8604	97
8605	80
8613	51
8615	67
8622	111
8627	9
8631	71
8643	79
8645	93
8646	146
8655	145
8665	147
8669	19
8676	117
8682	145
8687	106
8691	102
8710	15
8712	83
8713	47
8715	40
8726	58
8727	93
8736	80
8741	19
8742	38
8752	16
8756	47
8759	146
8760	47
8765	16
8784	36
8793	130
8795	102
8815	45
8826	9
8832	34
8836	35
8839	64
8850	96
8851	6
8861	81
8888	52
8892	27
8897	9
8901	16
8902	145
8912	115
8923	41
8933	154
8942	145
8950	89
8955	45
8956	8
8961	61
8963	146
8976	21
8992	16
8996	56
9001	54
9003	27
9007	119
9024	29
9027	145
9037	146
9040	83
9051	17
9058	70
9066	93
9082	84
9087	33
9095	119
9103	84
9104	47
9108	145
9115	24
9120	139
9122	37
9125	34
9136	142
9137	7
9139	30
9143	27
9148	85
9161	148
9162	65
9170	146
9177	24
9179	37
9187	87
9188	123
9189	148
9191	17
9192	48
9196	121
9199	16
9203	86
9204	54
9208	8
9211	132
9219	27
9234	25
9235	147
9238	58
9242	14
9260	30
9261	84
9264	7
9268	85
9275	31
9277	23
9278	11
9282	49
9286	146
9289	32
9296	145
9299	108
9303	144
9317	89
9323	140
9349	145
9352	48
9353	145
9363	49
9368	146
9371	26
9372	142
9376	69
9379	147
9380	50
9381	9
9383	63
9384	145
9389	27
9392	145
9400	66
9401	40
9410	6
9427	59
9441	6
9443	138
9444	14
9445	145
9447	7
9449	43
9451	100
9452	14
9457	19
9469	33
9472	35
9474	148
9481	68
9483	12
9487	95
9490	67
9491	145
9499	25
9507	22
9513	52
9522	112
9541	33
9542	55
9548	60
9562	112
9569	86
9570	11
9572	19
9577	47
9578	86
9598	14
9601	106
9613	52
9615	25
9626	102
9634	120
9649	48
9655	146
9657	64
9658	71
9673	56
9677	125
9681	115
9683	123
9685	79
9689	112
9690	57
9696	59
9698	15
9699	112
9706	45
9710	28
9711	112
9725	146
9742	34
9743	82
9745	86
9747	16
9756	32
9768	34
9769	122
9771	67
9772	38
9774	17
9777	144
9778	82
9780	91
9794	115
9802	105
9816	12
9820	24
9822	40
9824	26
9827	18
9830	35
9831	13
9839	10
9849	145
9851	7
9854	57
9858	12
9864	146
9866	105
9868	47
9870	146
9878	39
9881	104
9891	11
9892	145
9904	27
9906	47
9915	7
9929	131
9939	10
9944	145
9957	45
9958	43
9968	122
9971	84
9974	45
9980	53
9981	18
9984	51
9985	145
9994	8
9997	20
10000	26
10010	145
10012	18
10013	30
10017	16
10021	22
10029	64
10036	145
10042	44
10044	25
10045	106
10051	13
10056	39
10064	96
10066	61
10067	28
10068	7
10069	44
10071	14
10074	92
10076	92
10081	17
10082	100
10094	21
10100	30
10101	6
10113	30
10115	10
10120	65
10121	19
10128	146
10132	112
10135	8
10138	23
10152	131
10157	54
10161	74
10165	116
10169	61
10178	112
10179	8
10182	18
10193	50
10195	10
10201	7
10212	69
10227	51
10231	146
10234	104
10242	25
10244	9
10250	7
10256	107
10257	147
10264	54
10267	16
10272	148
10280	11
10283	19
10285	7
10289	113
10290	29
10298	136
10306	94
10310	58
10313	135
10314	27
10319	42
10320	8
10322	82
10327	145
10329	145
10330	40
10353	146
10354	13
10361	21
10368	82
10369	103
10371	6
10374	34
10376	66
10379	8
10381	55
10382	110
10384	43
10385	48
10388	79
10391	145
10392	19
10393	87
10399	66
10400	13
10404	144
10406	146
10411	112
10418	23
10420	27
10423	108
10429	145
10430	144
10437	126
10440	43
10460	94
10477	103
10478	123
10483	145
10499	23
10502	35
10518	41
10520	47
10526	49
10530	85
10531	87
10532	93
10540	146
10544	112
10557	28
10561	118
10566	95
10567	94
10572	145
10573	53
10582	100
10597	145
10598	21
10599	155
10605	45
10609	123
10616	28
10633	74
10666	129
10667	42
10673	42
10686	146
10690	53
10691	40
10692	6
10697	87
10701	6
10703	8
10706	35
10713	44
10716	24
10717	131
10718	146
10725	127
10729	7
10733	67
10736	148
10745	65
10747	37
10752	123
10755	16
10757	34
10759	36
10764	145
10765	145
10767	117
10770	68
10783	56
10784	124
10788	55
10790	146
10797	56
10798	64
10802	67
10805	46
10807	95
10813	36
10816	64
10819	144
10822	115
10823	18
10842	63
10843	71
10853	127
10860	33
10874	25
10876	145
10879	102
10883	45
10888	146
10894	9
10895	145
10902	55
10912	104
10913	22
10917	53
10920	109
10924	22
10927	11
10930	145
10934	144
10941	131
10942	83
10947	126
10954	145
10955	55
10958	90
10960	66
10966	33
10967	42
10969	34
10974	81
10979	36
10984	77
10985	83
10986	18
10989	37
11000	140
11004	11
11009	147
11010	15
11012	16
11018	52
11033	145
11063	6
11064	16
11065	136
11066	87
11070	111
11077	13
11078	21
11079	83
11087	121
11089	144
11092	89
11093	125
11105	70
11122	34
11124	145
11125	147
11130	40
11141	28
11144	108
11147	58
11151	25
11156	95
11166	8
11169	6
11180	23
11190	57
11194	144
11197	49
11199	57
11204	8
11212	82
11213	22
11217	146
11218	145
11219	32
11221	55
11222	147
11227	32
11233	42
11248	56
11254	131
11259	119
11263	11
11266	55
11269	10
11276	12
11277	44
11283	145
11285	146
11291	113
11294	6
11298	85
11305	10
11308	45
11314	131
11319	55
11326	85
11327	114
11335	103
11347	58
11350	42
11355	27
11358	107
11360	36
11363	58
11378	100
11383	8
11389	30
11390	36
11399	145
11401	70
11402	61
11404	61
11415	61
11425	91
11429	66
11430	145
11434	19
11437	107
11445	11
11449	146
11451	18
11461	121
11464	131
11479	35
11480	14
11482	8
11488	27
11490	95
11517	36
11525	17
11532	37
11535	146
11540	116
11547	107
11548	144
11554	122
11566	145
11569	143
11571	23
11575	146
11594	48
11595	27
11596	36
11599	13
11601	15
11604	141
11608	145
11612	82
11614	57
11616	8
11624	21
11628	43
11653	17
11658	133
11659	46
11660	23
11668	29
11677	27
11680	117
11682	45
11683	48
11686	29
11691	56
11695	6
11698	127
11701	145
11705	81
11711	110
11712	72
11714	81
11715	136
11725	20
11736	21
11738	78
11739	145
11742	21
11752	146
11754	19
11764	13
11772	72
11774	134
11785	17
11792	25
11794	93
11795	111
11806	21
11810	7
11813	64
11816	99
11820	119
11821	45
11834	65
11835	145
11841	13
11847	10
11865	83
11870	9
11875	14
11879	20
11880	40
11882	135
11896	61
11903	117
11904	131
11907	126
11909	145
11912	26
11913	21
11920	17
11924	61
11936	145
11945	59
11957	42
11958	50
11960	8
11962	146
11964	18
11971	146
11973	142
11979	43
11988	116
11990	21
11997	47
11999	37
12001	12
12002	131
12007	12
12020	50
12023	146
12028	116
12032	74
12044	88
12049	22
12051	132
12055	7
12057	31
12069	73
12071	32
12075	11
12080	8
12083	70
12085	18
12087	13
12096	62
12102	60
12106	52
12111	145
12113	145
12116	17
12117	28
12129	35
12132	119
12140	22
12150	145
12151	15
12154	61
12158	53
12165	36
12171	23
12173	38
12174	15
12181	146
12186	18
12189	126
12217	29
12230	7
12243	40
12244	90
12252	68
12256	28
12275	85
12279	144
12298	148
12300	147
12303	99
12308	41
12315	15
12329	145
12330	35
12343	54
12348	100
12352	17
12353	111
12362	25
12363	109
12369	144
12370	146
12372	145
12375	86
12386	77
12391	50
12393	6
12395	21
12398	116
12400	27
12422	48
12427	25
12429	102
12438	88
12448	114
12458	23
12459	8
12463	119
12474	108
12482	46
12487	63
12504	118
12508	49
12514	146
12517	145
12524	110
12531	29
12533	145
12535	147
12536	55
12559	147
12562	55
12567	125
12576	105
12578	145
12592	145
12593	24
12602	146
12609	126
12613	18
12616	146
12617	115
12618	89
12622	144
12624	93
12627	144
12629	139
12634	97
12635	50
12651	112
12657	43
12665	86
12666	145
12669	85
12672	8
12679	104
12681	37
12683	126
12684	9
12690	73
12693	90
12699	94
12703	28
12704	59
12707	99
12715	17
12726	93
12731	146
12742	138
12746	96
12756	73
12765	6
12768	39
12771	118
12773	53
12782	25
12795	8
12798	24
12803	43
12809	114
12811	13
12815	36
12825	117
12829	102
12838	38
12844	9
12849	38
12850	79
12855	41
12863	95
12877	16
12879	11
12881	85
12887	20
12892	144
12898	41
12900	99
12902	41
12905	146
12909	9
12912	31
12913	8
12919	146
12939	31
12944	144
12946	39
12960	25
12967	11
12983	38
12993	8
13000	21
13006	145
13018	145
13021	182
13037	43
13038	145
13042	29
13043	145
13045	92
13051	65
13054	21
13056	48
13063	146
13080	85
13087	114
13095	35
13103	145
13118	99
13119	50
13126	7
13128	19
13134	32
13135	145
13142	43
13150	14
13175	53
13188	40
13200	39
13202	36
13204	56
13206	61
13211	144
13227	23
13262	15
13275	146
13279	16
13281	46
13286	11
13306	7
13314	117
13316	21
13322	12
13325	88
13329	51
13331	145
13334	51
13344	33
13347	13
13354	52
13374	138
13377	119
13380	79
13397	21
13401	80
13412	14
13416	34
13420	44
13435	63
13439	37
13442	90
13446	145
13467	81
13472	8
13489	145
13495	7
13503	7
13506	6
13509	12
13514	18
13519	146
13527	91
13531	10
13532	15
13542	36
13549	53
13558	145
13617	43
13626	137
13636	57
13640	16
13646	146
13648	24
13649	9
13650	19
13664	65
13665	14
13672	44
13675	47
13688	77
13693	63
13700	147
13705	97
13711	146
13712	127
13718	94
13729	138
13736	33
13740	126
13748	70
13758	22
13781	9
13787	120
13809	120
13814	120
13833	40
13837	140
13848	145
13849	62
13850	44
13854	11
13860	8
13862	12
13866	88
13867	76
13884	146
13890	60
13897	19
13901	111
13905	115
13906	36
13907	57
13915	145
13919	13
13920	25
13933	142
13938	104
13941	145
13950	46
13967	47
13972	74
13994	76
14000	86
14004	29
14013	32
14015	32
14018	89
14035	144
14037	25
14038	145
14045	86
14053	87
14058	15
14067	54
14078	7
14090	13
14092	63
14093	8
14095	11
14097	104
14104	27
14110	34
14117	35
14131	122
14151	12
14154	8
14174	146
14189	8
14200	145
14216	127
14222	118
14231	81
14236	124
14242	75
14248	52
14258	110
14268	146
14269	49
14290	144
14384	65
14407	130
14426	146
14431	146
14545	30
14554	51
14572	34
14603	40
14711	41
14750	83
14777	52
14909	88
14925	113
15125	137
15239	146
15267	62
15393	82
15602	11
15707	7
15853	100
15884	18
15955	45
16013	81
16160	20
16161	41
16292	145
16293	33
16295	145
16319	36
16327	145
16370	14
16486	39
16599	145
16841	78
16851	118
17018	56
17027	145
17121	147
17231	16
17616	15
17667	32
18428	128
18488	26
18767	61
18944	28
18952	44
19181	23
19281	17
19494	73
19495	128
19665	21
19718	54
19744	51
19836	8
19931	102
20045	128
20062	36
20563	45
20778	146
20811	146
21477	111
21489	14
21816	15
22076	129
22231	15
22471	145
22844	94
23018	12
23224	145
23402	18
24371	16
25351	23
26619	130
26736	20
27023	105
27131	121
27430	66
27573	30
27645	10
29305	113
35043	18
36484	68
38615	19
53125	31
53152	144
54900	51
57836	99
64002	98
65871	6
67681	36
68226	145
68882	145
69303	14
75650	92
78899	51
79815	7
82512	22
85890	93
86805	72
90077	146
107970	7
108134	49
108341	116
108391	115
108505	9
113524	33
114074	18
114168	90
114178	146
114241	8
115711	42
115805	8
115900	109
117542	58
117971	6
119444	67
121030	54
121375	104
121442	22
121775	33
121973	29
122141	7
122763	91
123464	39
123552	31
124819	26
130862	135
130911	117
131285	24
136244	146
136358	23
136684	6
137076	64
137214	10
143020	28
143403	26
143474	17
143751	77
143963	37
144167	118
144208	53
144295	49
144299	16
144308	23
144336	36
144349	150
144382	29
144436	19
144664	26
144869	146
145414	83
145696	113
145810	12
145867	145
145870	116
146170	72
146986	56
147974	146
151743	146
153717	125
158363	146
158411	131
158418	6
158900	55
158927	16
160431	9
162439	22
162471	119
162496	144
162514	100
163218	30
163313	145
163688	106
163832	21
164286	99
168553	145
170987	112
170992	61
171069	61
171294	66
171427	30
171464	127
172150	27
172496	11
175138	15
175786	147
176259	30
176304	16
176573	56
179074	23
189498	23
190409	146
201307	33
